87640
482515
381191
417060
810113
109839
449768
329865
123019
582886
118223
741180
167450
211188
525259
758210
374419
456545
757521
866196
109540
39625
124621
358564
71618
115888
29172
752149
400912
755706
610755
647903
494520
315186
992171
647646
27558
435740
8709
331305
135075
752510
350523
96590
237189
571689
428648
766118
265503
34303
118737
615529
569790
898418
285416
854569
433287
195609
676826
361030
39203
760608
526671
419980
339607
374790
343093
888429
760177
74662
457625
389678
293765
688459
589029
483638
230954
684170
382829
83972
557689
403945
122635
819183
164973
326906
655357
733198
914666
601758
937953
383054
731586
224126
524441
958109
857707
406294
93159
536147
488630
91472
386784
378401
544228
576418
666081
542095
328239
225827
872274
530789
357405
735411
623620
46163
297169
533361
225445
808413
756228
112179
47082
423503
296088
886123
997666
552083
575819
849107
368309
542973
111319
661190
515029
308972
90069
293161
677992
28982
605135
881029
611849
712395
229138
55938
688153
711249
32059
884753
961208
633993
582611
500116
730104
566264
709379
936097
961322
306862
634073
960070
542550
204746
420948
191942
721800
886856
411667
754590
584183
331908
743471
765091
361524
733039
27014
837823
272511
866811
500697
341195
505735
971604
66615
498994
969764
726067
412549
889768
458449
58328
33251
162206
470827
566576
540689
988799
678207
848738
951044
489929
294632
297491
771709
837083
445513
209540
702713
710467
782814
273476
322857
658562
987415
87103
762944
209063
55250
125401
483501
523498
565164
954891
158255
446886
966888
140757
120229
655201
630940
472996
106417
46495
192224
352224
622254
902262
325859
164895
461802
750185
191115
806522
437819
493465
398247
614800
437465
86083
712467
821610
338316
136739
249304
134766
152275
583134
844507
298356
545750
337581
871580
659962
673330
340572
46136
964378
456829
95110
253476
32091
245254
38745
918967
200280
114741
389890
520369
382724
134754
285483
916467
76437
66665
781157
528849
883970
584254
947891
35994
914548
652777
797288
908641
993970
88608
345506
629640
397254
154632
14829
591222
163531
927698
35288
990540
635869
6583
272781
673457
726120
243427
293473
466452
212845
501884
736213
662128
800816
886944
956409
666693
495258
456203
484461
339363
220022
510766
333027
382184
5686
850314
578075
836
163764
267226
480933
589531
484103
859388
349786
483764
123086
749561
706091
157758
109063
578154
105472
524161
213451
149366
804741
656923
496874
569630
147708
798539
957628
989752
96870
557830
522838
409858
308123
111190
573354
305602
781863
45550
235358
968917
266820
286606
111260
781231
588029
378726
40376
757666
266849
405134
476223
411738
332132
358638
985004
673877
11079
428992
974199
394572
530258
81654
410334
419373
767920
431156
174387
7441
481887
62571
795490
560192
409660
501606
838440
570481
484363
210251
17298
109904
438484
393306
687568
341377
934674
861068
117635
86244
106734
662054
425151
919838
127520
911840
883860
985756
419213
625600
451497
211676
799012
452329
611083
116355
681027
82672
406126
810640
352836
986861
837161
441261
106539
521448
457930
293010
47613
121231
802684
870963
374340
818743
437283
267898
8237
576255
982145
199583
771214
309967
808000
444015
562356
801593
189056
444238
461551
314606
12045
322958
28343
80366
502138
21572
537699
373193
379390
465220
270279
390059
739686
514072
21718
548258
13838
581530
576534
550461
78956
728046
600908
808293
965103
473677
588215
319725
865968
295844
370586
707926
531002
24539
335433
27795
354216
363840
120784
252492
913904
850060
716609
373143
145413
903668
816213
843126
794504
768960
172066
790537
601275
461177
8756
409599
930027
141548
246396
666695
971689
368624
236480
147981
374292
203623
196379
780077
251606
650681
350640
652622
706315
95880
572410
771882
151101
727568
218436
107787
153961
900569
519461
51649
684758
285357
169331
730645
18112
839716
997149
926264
443489
782991
326067
24713
541486
809413
181077
404621
424028
360412
778776
149039
28988
816607
171413
67492
81378
450397
446845
448215
830071
503324
40673
722538
720288
401081
416258
577447
660504
833481
675719
422390
433626
94608
535038
719200
757266
888666
298173
313454
525966
297097
936273
941861
287082
772984
667564
648871
949
371190
167699
22380
831813
872364
599207
804468
934890
693631
634209
399582
467334
532612
888933
372189
980612
832675
944024
787018
784781
357479
882801
925610
536598
7482
402748
792878
667317
201651
977125
8553
108438
151467
22315
453838
496982
707827
638815
97247
105325
35989
687410
482206
960352
925635
786840
694035
410403
899235
893159
95985
19221
150476
651422
179547
139296
347725
781807
697099
816265
115335
675229
469162
925459
566964
112872
771005
235204
92687
499217
525709
256677
324793
412736
565274
122214
751114
636660
293697
858977
887164
512385
395434
503990
755577
287143
773512
527941
856899
916404
806807
681944
349942
706575
648339
802660
742315
978468
532753
149287
982842
541128
897969
130792
823532
959592
425479
768221
205814
472006
708940
106933
816665
849197
72565
602357
98742
530096
409853
134751
855383
478212
326546
785692
357402
670489
726536
432208
47462
421955
695966
706143
444837
593498
495271
82298
727288
480436
363287
629534
880255
192250
509461
492031
832492
63108
591895
545936
493146
408339
953038
309583
486652
219612
765203
477350
130562
208767
615623
82871
41472
313051
64010
461492
907229
614825
490024
507613
740967
602076
992115
70371
638546
826567
257720
58565
648697
422332
974181
572293
369699
516427
762527
224779
454228
319656
577838
145343
729983
500398
437884
499914
738948
415036
455823
959626
800620
107754
451957
982822
247567
360408
751455
968789
427987
102826
40998
153335
712448
228536
116072
812188
1381
514244
684974
125404
997586
111216
16836
541065
249430
176295
30689
883712
227714
832090
90796
262379
580136
179205
146380
740050
592135
366169
908473
643124
792187
680470
923180
406641
898695
561011
577153
616919
196297
887956
604324
95772
220934
627364
315831
440698
877524
865987
289761
320055
145851
144215
647790
310578
286595
936065
797132
244636
201839
17406
51082
254326
962680
748722
782547
478159
566289
577649
635065
415842
920420
112243
598593
210208
761395
184245
664664
422987
534805
250326
36149
237548
780361
232186
654335
889132
232266
649692
846389
270826
435478
217718
915784
6395
55004
332831
922990
824098
793877
729910
328820
418691
372253
149326
988524
673535
962894
404883
267201
910123
114350
709249
785471
227773
216602
536922
787562
500519
462268
917231
395931
359221
438382
810340
971997
832556
761036
817925
862062
780520
267767
365006
977438
485202
226237
387775
102636
299911
562406
616595
179731
719797
253839
577648
960903
689498
451090
3928
97014
820609
826565
273738
426475
201619
85642
402083
913214
448101
200207
894715
716697
304196
497969
322160
81064
791859
178934
935393
459199
332776
519259
397932
123520
974396
285728
360104
534734
419882
928776
180452
433542
152726
871345
273402
201789
813755
826084
76652
741428
856123
195616
85967
126274
599595
44592
671168
540318
278954
636307
952628
410394
189960
296124
843146
782539
398987
392393
468563
867238
416803
716630
282189
444854
274838
754589
384845
75626
270341
973530
708939
297635
454460
614932
602670
644698
476503
726879
252862
701729
557558
322340
350512
749745
459069
472195
116048
512107
614065
863715
808263
262122
283400
433503
759115
789580
389786
666865
232651
751585
914159
462468
170970
862525
556751
204843
591190
758021
380734
427033
941529
301914
373272
522205
99680
461958
115768
877596
699220
116994
461941
718675
358400
335692
143117
816410
159989
54673
297863
779615
190121
17638
331770
166493
128327
33101
389377
92630
86361
126143
559036
598815
72524
382939
12988
312197
426847
914063
721211
148235
39990
242129
709512
500194
257440
285066
980118
911622
786564
232617
734315
339671
54437
565187
510411
689139
36825
654995
323883
157728
720235
182162
538314
618389
673006
976758
922708
745316
555521
786972
892021
32570
76566
542261
628165
432208
230869
639269
311401
495156
278705
318742
159549
800201
963948
325082
609220
480198
572156
968409
961434
905780
949110
528285
622278
564321
652440
263219
105154
87714
515306
5461
227173
151246
281530
897959
86795
873817
639587
127311
542515
371621
338480
864502
230631
201658
225744
292464
229477
652617
652012
160256
636583
812333
200407
214846
123795
961664
190607
696892
722554
42203
869549
18722
422369
931957
837795
997530
434649
963389
998957
459535
359719
154694
175685
578247
685612
508783
2915
212697
791389
464868
595737
105963
764140
373729
701124
300743
229929
160974
455850
368820
766865
671774
734927
46319
879319
479767
143256
831606
140079
833312
560845
617554
308267
981838
659545
558334
790353
508204
796791
600412
340850
14824
551539
329618
43839
934509
997342
184372
222484
287346
182965
422858
175
315339
499815
39883
935310
942495
426173
892913
832610
899671
735877
29930
348681
916688
846102
874753
850848
674227
729053
624161
906609
137358
721789
613868
119861
822189
799134
637875
9799
464534
81528
287357
576959
975344
287987
341696
82355
356750
886773
70798
187992
872867
42246
265546
740652
772496
495795
85992
893796
240580
34617
65179
251249
39256
88933
85843
761771
91821
868553
15048
80520
625330
935009
791378
224563
841082
648432
522720
272028
982789
985509
333800
643825
839281
603223
16231
895071
278935
544731
544632
930341
714629
759801
19847
968661
700261
168402
377316
287774
69043
296894
848307
767785
961504
20716
908762
545220
31219
238164
219539
381423
730145
776421
895273
996984
607353
855259
944438
591556
603359
821974
176033
338482
695421
665567
797495
859728
534786
869498
583543
513303
127925
274582
627889
969685
91764
186937
305802
149244
494839
605215
39842
561748
675018
197344
223762
845564
597859
123775
822659
487771
991957
614858
465599
532010
520103
327190
735243
348467
851344
812599
641142
151949
40276
698804
541337
528604
451427
561862
241253
440444
131531
553981
831955
819033
387433
993590
281644
741975
141552
356067
527950
78971
641564
9607
124204
38517
638522
715083
749286
608376
163397
312758
301129
304618
866361
502613
829643
598224
89974
310664
889732
341181
201975
672263
872135
517451
425454
481480
210944
387473
541819
132048
704067
619662
998614
838053
390543
391023
531891
304730
711077
168830
435605
541110
932617
906021
453794
859578
623351
948954
825214
620453
210444
607564
695718
642937
102340
730726
671938
163974
521569
724920
491459
843916
742151
202986
297165
653706
738110
914285
180613
690235
405481
61652
345813
966453
688559
923672
515048
107112
216647
337580
886405
623882
255927
260587
861484
176506
202931
557622
406690
312658
322391
752212
244673
386447
227512
151256
539009
570575
495026
698895
882281
826393
232716
317703
209926
343970
823422
137506
744921
981856
288302
438806
700870
793801
112805
422032
59153
269544
986793
554331
897255
222931
905103
38578
674272
932305
898814
76614
981164
46715
442075
230096
799614
969916
576060
130615
858472
290055
614690
377641
353092
534925
860627
778664
749089
109863
124969
857655
631445
725210
44275
490732
502024
315922
447073
755007
26152
165594
23840
55440
209895
390110
690222
306640
431820
487053
73140
957978
60227
706565
438935
808639
663269
266606
526746
994281
555028
329812
485023
382550
386983
911167
1324
727470
270334
13646
365838
982193
51254
938534
25040
134688
158015
466352
472494
821757
480966
27460
254257
185138
750772
938822
211306
638843
789237
910134
286410
996482
414617
194861
905437
963406
924366
864372
782559
360219
861600
77140
177245
245089
992916
586178
55762
340361
794879
942562
483230
234204
249340
291454
498624
701155
651072
991067
717732
555147
137350
485521
617757
23379
451463
240946
425265
65965
687498
691013
311476
208705
207450
445639
973180
596282
536007
179746
912647
359495
207589
57004
780158
445334
929092
191730
798155
322754
757506
775982
524386
881921
825309
507722
178853
889222
158719
342162
587480
694068
586464
965549
152025
591944
75518
306532
673806
21036
830152
276742
498854
769807
914775
783532
92082
463256
98539
18263
274086
627687
737658
603597
435003
755571
239134
419707
890844
516718
995549
517112
549432
935884
795933
968546
168636
422634
712118
539799
83476
855952
577504
990543
699585
910821
801241
329695
894011
672629
241858
703759
455253
508868
965662
394730
734229
51563
869063
69585
647256
201814
699047
727643
804881
629791
201383
208093
744973
409378
992295
561498
11519
23160
332767
265984
477269
362716
824988
51406
950525
675947
923466
981901
989359
28598
873061
725891
210284
863287
694741
538501
166313
178861
145422
81887
637001
809521
562724
538546
374981
312425
113226
743615
795143
480715
787301
67375
50520
152408
354509
99709
575933
367241
125746
466325
415574
841549
50145
836394
397129
973878
949780
314305
433940
559616
645607
140697
793905
649179
975589
326908
715080
878140
471700
613645
999736
209184
950775
853704
504569
942825
306516
583015
162719
43392
903080
226006
964976
686101
170752
859180
489457
913794
419365
488905
548510
975944
692729
371313
726404
324549
319442
779969
379178
371229
44907
34003
90392
269285
986629
597261
683251
664914
246837
780617
20628
278975
549276
633315
945308
374624
971490
734701
818155
162780
777680
373988
617637
276075
635660
439618
171362
288901
323625
438687
18311
611359
825484
513572
949122
747024
218664
82398
858149
537767
492834
389861
334316
464058
752454
659742
279439
462943
899816
181312
56331
574114
439696
530364
118929
79186
995501
131732
938790
924765
132629
79314
936175
75194
271232
467252
455113
411171
920957
645320
123745
89671
723755
140476
429299
838287
374929
114314
921650
609031
230231
189261
397440
61853
997646
422548
274603
826432
319975
473328
477866
578134
821727
684663
198232
256117
661903
351072
972571
62546
505032
486080
788780
178890
844385
805074
816938
470761
604795
876927
315163
153848
802489
314380
207833
169529
945314
302550
71310
388060
791393
196119
906292
274550
538354
773013
597245
99562
682846
771816
890559
302389
943889
572091
687968
127293
832823
971328
414331
515847
312370
472775
797698
573921
529210
90475
619328
407901
331579
135403
853763
959053
134802
668925
640854
71088
546897
2232
535987
454034
236055
35974
939932
549395
150703
63845
723566
973326
319241
835740
938770
736638
947461
981764
212978
315095
853212
916923
584440
363510
415333
310085
930066
337023
918215
679167
743425
680165
666875
459177
35401
28418
277178
969695
158897
316734
291611
426729
102926
47310
4655
153105
462691
225975
940192
968777
363939
279575
460738
517702
215
1025
76775
394386
398160
966683
950335
226459
989440
398271
578162
320583
320870
871924
628347
740390
464059
906191
600417
239925
713830
273436
393554
920852
937473
938577
557941
368761
899948
613995
942754
18070
182787
777084
752073
786778
483645
174895
567688
481440
530841
992034
779381
523513
718074
553460
588397
98482
753850
15985
750486
329233
449267
342743
935807
630790
948900
212496
691039
446421
381675
59624
219854
380938
314780
456512
70666
828417
144550
62869
170814
767853
473338
409033
906166
948223
916573
93508
897907
974216
23353
925335
292128
257419
517850
735682
349431
764002
409792
63831
613905
550449
259685
768356
525247
862840
464076
114603
913881
276544
816992
392836
454825
591049
549871
85535
475488
980726
806652
539175
494457
705855
10651
458691
7481
703529
444477
807267
695545
457843
459288
817467
775222
341599
969646
364097
485770
656366
670938
270212
267176
3578
93972
165796
58725
511676
563972
649602
582545
976011
252201
977458
540624
843217
954768
254924
511080
256545
155540
218241
255516
844438
315635
879299
916861
458147
660430
788570
326840
545041
53664
495968
533594
366553
508307
46171
402324
117331
182537
646
110807
330678
177047
945926
892994
32580
647122
192158
80674
829303
529347
842917
344442
167807
847335
458399
522530
288076
350298
652092
290980
494322
721853
63761
403195
469482
699283
829805
465082
303816
970537
331393
916824
61064
914938
882508
501797
676178
158547
219343
992742
181603
404552
523008
293426
838281
895517
537955
579716
960761
285624
702079
521514
827484
636610
383268
737505
825533
914346
231039
732297
898703
828811
519954
237701
212392
102315
731329
895374
308850
663405
67497
501369
86875
423041
385978
41868
367130
963952
974172
484587
341050
479838
834375
329498
649787
324066
365362
460732
367025
787988
717104
801487
76845
873973
937255
99744
327710
409194
772191
328934
201593
273693
201684
843274
439303
601659
110624
918395
516251
348870
642946
188404
661327
663314
938825
7996
381088
953425
842135
615494
109305
201375
529187
372837
658423
890807
621098
857432
980342
887656
758289
724855
838559
259892
131534
504145
740312
177218
369479
231035
166961
411447
956025
24857
658516
676709
463323
771958
786420
182799
775654
895612
348747
938606
455261
118416
6022
588246
485659
501428
904219
790508
174519
473149
383481
237290
125414
671010
350286
734734
737506
361771
916364
277533
370040
260701
91719
644169
127307
599278
85358
422862
56842
501305
47002
186253
35250
285710
293137
965386
577397
304779
173256
429060
15504
855303
490155
258497
608259
872926
370731
972635
55486
288236
817665
184798
668907
106156
848937
849657
962694
472123
450976
149573
786550
166895
59138
308683
742697
961172
603192
414240
995929
539409
191010
15809
140650
185390
963276
865533
749064
454262
296897
925605
653703
361540
112453
307847
944942
435363
939167
769512
650794
459115
35038
969017
865406
567638
485369
8824
683283
283027
510692
854984
263163
270337
335007
699259
455139
838020
8325
16199
518511
394225
617192
870994
23851
485410
41190
603510
716840
378258
589741
93771
657753
869265
669941
473184
767999
591391
286936
693453
595944
451860
254410
82281
675504
929241
95586
382687
601306
877369
526517
661372
400712
202603
375007
451581
584203
145928
501238
702715
548788
259299
316306
684625
510491
921440
713758
109387
212395
683320
667098
787918
943916
920495
696103
640157
787677
314841
216470
320558
950553
784666
346128
727373
329938
375740
117865
581049
824578
319175
111989
941460
875565
720768
386485
258108
845500
628295
826960
489777
522547
251317
266911
599836
515590
358850
939055
841357
307686
587860
701742
559491
732436
489395
397235
428190
433324
138566
822589
127254
632074
955636
326387
196782
228659
349790
207279
722685
802292
971085
527250
180145
261912
439728
798481
644702
293068
30861
298624
338715
968849
803012
845562
694373
867197
784031
121049
857755
826757
823473
817263
743334
897038
376828
968622
889173
977059
825039
230979
157936
966622
166720
924275
400323
910198
939809
290808
278670
841738
200651
635423
219223
451660
468328
38045
9784
611897
881092
919239
986939
858727
682710
546239
528457
799619
626309
731702
280061
755036
481933
427387
886505
85081
144493
302078
32117
958782
534749
818153
554630
895626
711914
51267
436974
457800
795001
47714
402392
199600
235813
440178
428392
289231
569264
194653
441817
310116
481566
69374
80117
225896
733007
127786
709550
757585
491856
296287
613699
206046
171179
824104
985079
27757
919695
875519
823910
118089
387607
60810
272889
366994
16949
173467
603513
473941
895572
822411
924146
980107
545673
895809
756064
741769
899303
659916
277850
229579
57394
58716
299786
151880
956998
592153
417876
580195
565874
228888
823758
947322
945227
316115
739856
596662
913817
958345
208358
651345
504579
740319
857777
221915
703778
883052
546390
88257
206887
524502
563435
685974
5226
617171
281577
417060
801586
301272
294781
300540
81000
845170
728419
116757
117847
874360
370492
984736
46908
350491
847982
908403
939302
180239
333403
575398
222339
981308
461070
287110
649782
249240
172704
181989
339439
608612
240491
969217
412063
855250
21433
792765
859408
500393
679626
815344
89563
292663
522051
558398
535220
697107
232015
65548
163795
387315
649694
797641
321317
742635
604649
183457
175820
914106
395656
987805
468460
114132
611932
782080
54789
443030
598314
756715
336089
831613
387219
218880
748299
621990
352085
743283
483549
558371
991902
807925
638738
145134
332538
376816
246548
540454
859769
153234
384670
395769
966955
303110
390169
692541
136725
843167
532201
301566
554490
84798
172176
128610
33044
353122
617997
241536
328907
107053
406772
693256
784733
780869
392486
958694
72426
972732
504942
766241
291645
978934
307345
917053
279467
11127
451866
782695
16339
610513
943959
90407
387675
298255
564751
101044
18714
573772
799084
25306
276697
800926
898432
831046
603637
573209
964886
860111
421684
785338
891274
955106
739955
263802
197719
87548
1440
447512
29943
819821
334112
585898
345534
392764
379861
457804
664302
833330
293975
741471
217816
975774
396115
322761
73357
286942
116798
489678
420562
174930
724886
364264
22863
65427
977220
268288
189341
982322
862927
849211
98593
258127
831701
206602
851741
513391
296535
874363
665208
198574
52843
835989
38923
763382
941433
174794
577176
826117
713028
635546
511668
194514
890233
8244
165086
328299
52850
428935
233886
131402
265879
195228
705966
524260
611461
732776
254332
517505
526334
828970
390825
477969
60905
445202
361089
773228
866503
784810
555241
261721
529344
33145
49195
946296
697385
747430
400725
487375
540603
746086
618627
504173
273354
627959
145391
361307
111267
809386
29270
863452
830078
963056
374477
100262
907939
535083
478018
156721
744321
337213
430999
216791
739312
247419
898537
579415
82382
99095
153765
639505
900999
930537
908831
861335
401062
870551
829908
786068
210904
976331
772783
633109
111765
211483
141886
992009
1286
376119
887415
769523
9923
921544
132902
486546
656698
983456
520525
536701
393837
270972
787266
198022
903736
202388
223323
613381
841671
174724
864130
186715
514333
341201
11497
131761
696222
424800
603232
314143
554421
747820
464890
232563
719612
821922
120834
58223
739883
321065
825527
641172
242879
574035
372826
771350
298135
722391
154787
13525
41301
110716
22464
599277
161486
53157
811805
651988
674647
88793
204697
453143
101048
710211
425343
632064
495508
569521
661931
942013
254747
882919
77126
461298
737509
756360
798533
453084
765661
647659
570924
183272
334470
413160
157619
741516
895263
55555
842204
959934
673315
417646
11020
202667
901405
653448
614846
640239
227708
174030
887511
204045
457864
216498
454095
869500
729723
197363
42376
526665
68064
251566
680640
779276
264705
300152
158799
417029
420820
781939
855959
14318
237746
548445
705308
901710
125700
364521
633672
31698
245154
261862
462850
667207
661446
233900
460657
411081
614901
481337
918419
562167
551421
722306
873185
373358
981899
48202
573622
898964
399792
891734
743964
808038
92398
521794
188856
569706
773954
92132
74151
705806
803906
562627
197486
929325
269521
708182
661348
767972
575443
303119
749353
712315
96472
240468
442750
884756
681431
476337
643006
54167
710043
160536
886541
649422
696757
34217
645970
578604
711355
510637
699957
97592
819271
256280
156889
603606
131298
50307
948053
486297
912587
57410
297028
594035
369438
452942
582042
234163
169787
130621
16796
1022
250458
223468
339303
418057
857887
298278
604730
650595
328780
481967
602071
93616
608557
504409
126453
497531
539292
872551
383407
671259
813047
622621
206326
920896
983413
474123
701319
263952
424936
554127
540887
726780
864618
101822
514948
873522
270577
567713
543364
760832
476162
660248
370577
275924
451601
239207
40394
844250
972025
677081
821037
421186
687338
768130
613404
23426
190760
711459
995322
126105
187675
525582
748930
296482
680613
122938
767170
902367
426254
277044
157759
38250
878650
249892
553706
898143
260590
191102
134450
724178
600747
609231
500444
31564
40497
517679
265079
710624
657005
28096
639580
855865
564104
830345
179670
989507
360211
859798
764593
94514
860828
259482
644509
78687
478176
357224
239607
546718
252690
947452
85334
197853
686634
2812
376971
705047
730358
74063
218010
674249
128223
764004
774162
71520
292677
366931
268846
373577
451597
94430
279489
599261
932374
313515
822069
49390
38348
611118
991743
424134
328989
31163
120991
154527
842594
307166
385445
673442
482590
308179
663712
177596
506480
82008
972363
999246
850993
441182
658715
882640
781063
291951
197568
535671
457619
368978
668217
201141
157856
644168
694666
146126
828528
576993
845520
267053
859148
631893
466533
775552
303768
531297
423636
831906
868414
409951
821649
901860
895364
588022
313295
677273
450454
584855
207573
928962
683771
663776
599392
294961
685944
335368
459606
744994
118918
423826
72255
936294
379030
134340
585427
792783
510001
889192
573942
717178
383942
989234
364248
961238
471027
735682
428961
170080
276376
92503
175466
484580
134996
801890
698152
985045
350123
630167
721430
201097
10490
890118
786210
960346
764415
353866
284284
355793
462916
487142
354827
98441
17938
971154
347429
836597
293648
40874
525297
221472
722265
578687
854597
181748
154825
220823
613008
128677
640802
825087
498090
656012
34427
452325
232061
442359
553500
927330
6622
45886
757352
377004
532631
370236
216600
325590
551661
77084
632886
590765
702729
882333
688380
978945
962742
413911
924124
721517
734854
585947
225011
243943
418834
286788
291558
241013
379719
127768
216098
847583
513112
790772
624686
580035
40816
135216
508689
722842
728239
477582
315065
88471
590193
641715
447481
921974
330325
10938
744299
499286
517016
454456
818307
490555
513910
254375
359783
710846
676295
346092
25471
897390
390074
728805
895873
913949
564398
24696
129519
45472
117114
477457
624098
239421
480911
606581
54883
757340
765695
12360
991771
809334
284510
544256
673984
759411
814353
721493
90102
798977
832905
816259
922985
766903
879587
48577
778300
705685
305588
37598
809910
959454
820730
830660
63322
973409
433528
579206
254430
88808
924530
373726
424269
559424
654143
581722
970362
669910
338133
86349
767898
663201
866734
79017
941196
694480
838579
252689
487006
33028
230476
632495
218099
722762
11797
271289
754327
812093
514683
593201
286749
492044
881106
659249
792322
865333
972899
403863
234762
725708
854702
379727
686252
877581
332673
201840
734003
957748
830292
158463
228530
949764
860079
742547
301662
909424
181478
272796
191427
713232
251818
658470
694421
484455
486883
459674
745522
298754
123945
417730
826542
211033
782291
605643
684877
312537
588025
576817
37076
964535
866861
255951
136514
354269
488462
644957
456331
660442
976384
827121
319647
791393
996650
752971
883145
372124
41409
313489
248080
470183
792458
333331
871474
233336
935597
687906
613219
324616
79485
779897
811591
926782
583842
797229
876906
782044
373753
371208
260359
865916
984535
151372
280894
71195
894956
135150
711037
890079
376987
255898
843272
176305
68794
715291
181415
55739
274157
721632
621373
467974
639907
228667
947305
885708
182789
358196
345851
168355
381741
199673
935171
328177
96842
772489
597051
576945
374716
889806
814692
248149
38725
572274
12538
365318
416969
727584
516110
867324
150528
257613
887274
471825
341739
734118
593034
71468
843894
757457
337809
536342
296022
602631
704712
290910
945656
444659
42916
646014
361530
276814
566262
726717
872893
106614
620046
992320
853445
412530
135672
882636
30793
34980
209354
352567
542311
867740
153164
432578
932506
252085
298610
247078
394893
252232
491447
983687
832845
811240
974975
768869
197260
602214
93101
862170
622577
162707
42228
279381
539333
428582
835462
323474
493681
200440
961881
869030
456334
303404
172250
446750
790861
426113
381119
935676
130594
8099
548728
623640
334797
797494
820501
373142
56862
478290
445204
376028
314031
424030
43382
138291
521043
450134
897744
290524
748662
58126
961723
868061
21218
679066
773756
549070
359605
266433
961903
795966
817770
827346
552434
543677
743103
605246
674661
88908
262684
915280
400890
4364
740200
899732
972985
598411
739034
999519
274450
415322
828481
639785
884260
467598
825247
576151
557603
404975
942867
284195
374430
173258
451367
811902
253783
672437
947919
228383
941161
812634
97367
265835
577956
422222
444361
213679
921668
709879
12785
496891
794682
847871
886935
180425
152197
245793
129519
322765
3318
953884
320703
93232
505942
212897
80442
228287
894620
233067
446192
269701
242175
586264
869609
267190
954699
472607
815860
661507
160339
461003
660922
615823
300506
230244
828629
514406
780507
727603
42490
323364
477985
775637
13033
419763
639268
28025
185060
369330
411639
732600
836914
252869
959503
592181
275187
636156
453913
233443
68064
957496
961546
995345
649214
855169
840575
452884
180113
185177
19603
102890
200752
426663
517512
574989
297216
547699
670088
710811
310903
81025
501584
284160
889423
188469
493464
875839
407887
955237
995449
436999
52129
579487
524957
210125
151001
725569
726029
242613
609458
855330
132279
713987
594070
611053
748421
832318
677798
819914
381187
533632
160636
823185
873629
703648
923059
897790
223438
283842
837723
527874
570636
910292
667451
896899
684557
918450
4186
666400
531312
97344
234805
463286
765854
584956
587794
77019
218094
354577
495271
624975
487553
13085
464837
414193
369785
18999
74259
714939
334649
722272
79449
517656
215566
398869
550589
175101
519686
299234
980936
611396
578916
558234
782604
318328
586310
562163
327982
311135
732374
222833
149792
786816
795952
151732
735652
737829
349618
729376
442283
523600
258639
84360
412236
156883
646903
776933
857725
84268
567133
692546
497847
238033
982757
733244
246093
430757
295081
332903
63462
912464
959723
575006
650533
266353
88929
842361
392708
159526
819250
482403
226644
358845
798396
877899
255735
613452
698070
2768
992502
617909
677522
14404
971198
473131
20909
982280
423049
50464
662176
388254
359006
856179
276858
458524
808293
957905
258148
559651
821542
684326
198249
640736
527331
546567
544876
715898
292978
304034
439504
501781
45486
758047
967929
893050
605995
596435
313603
413590
741463
527587
910547
159363
957968
75220
379880
713184
372670
447070
227158
515564
114303
420791
42291
479488
228669
121519
267243
278587
959857
196739
750957
392742
690060
715951
941739
563533
744897
108980
820980
844139
474753
758083
416266
651832
127370
150876
626065
293847
901634
895587
481324
324039
470354
192669
701770
229655
405067
570515
10563
45939
372144
124253
104846
639522
466072
123979
535766
388611
602764
39775
352452
241687
4483
276632
997421
67667
890966
866806
473630
551778
72592
837976
591137
938151
294889
789100
563201
533436
248315
757272
924999
769546
870978
411960
333303
960155
536790
370353
870240
165328
569266
378647
170782
66999
636618
819340
660387
85409
230
33998
74905
298412
571768
407684
544115
494299
972136
21210
95524
910782
384269
446752
111593
846446
913189
978597
243983
946077
978260
172944
198301
326756
657294
155356
681069
414559
548830
456041
830154
356298
71898
69128
415679
911781
839824
244372
362880
594224
55764
306346
117563
624314
309846
743486
609677
53940
232931
24301
817039
756389
293411
953320
716829
355444
560759
312566
97628
558018
120979
132846
933953
358685
977646
165278
964797
304155
391336
2975
305184
229610
794154
83949
884997
248112
856673
188202
817278
949581
597543
578117
238156
329326
849993
76237
238835
519299
928326
643831
543204
12583
322019
865839
552208
206085
374571
523454
461460
50585
47019
485342
146301
495515
825810
10989
155179
844096
953505
433912
650060
256131
873547
287623
81868
355411
436030
428289
338297
150932
81097
627335
901372
172381
950896
14320
751223
250812
853436
895117
717836
271957
473681
794036
960851
163284
302366
954339
869395
575159
572669
192204
588197
206336
847709
868270
670917
512065
442076
726168
170424
702874
454600
330000
491117
349830
804158
417995
94935
167798
910350
896664
99118
661916
496058
163936
123852
942528
519388
23413
957327
765804
757419
421095
410570
464776
763516
55913
524712
283055
936662
238518
588185
927576
612964
114888
807295
911501
828626
705962
74217
110302
292073
25202
242625
637898
780918
324530
304930
774983
261017
619182
942261
957267
741739
949896
41343
334793
376400
289196
263688
884102
529058
665773
715973
122171
952527
429148
767004
155831
294986
865802
197389
561817
286215
424384
795068
328021
560729
47759
669204
196671
260455
6979
627686
545398
986631
988869
384051
48935
522634
706146
72536
394389
956768
685911
452091
184282
185994
697080
558117
763752
964802
252569
796079
660654
115449
925085
216564
804310
23726
578915
836082
119151
346520
217346
925548
603701
142038
112947
207975
573841
467115
855957
678377
119390
301687
708922
818394
411147
378022
550832
872991
348727
806168
184619
918188
223564
822096
874063
453926
118340
903979
906588
243957
881002
559680
275237
845689
425103
443770
68883
284791
762448
987328
90299
162265
713738
44657
195130
864040
301636
317111
915970
694805
688665
496094
667090
958653
21350
205706
511647
156753
728610
568400
258823
299738
472738
716123
991331
316035
468311
371325
248846
745124
591428
869564
885521
358715
984646
509193
63300
932937
136066
888652
488711
507058
804300
585293
182042
906520
276590
866312
775819
181843
482192
450381
572425
362888
249446
217009
698230
852875
579919
748722
232867
498532
470596
881820
23812
267953
951596
387241
478901
216498
850591
572804
778636
887895
515436
114337
647711
793486
113024
906506
194269
830745
892384
23745
999392
958480
559638
91832
905619
129057
374656
528817
512373
990270
439490
262492
495349
282102
443958
247251
612474
73292
885120
126752
175415
289568
761390
835319
833623
845262
832816
688004
618317
6206
334960
318785
742194
376283
298945
656297
529880
429474
859092
990427
241243
367609
156656
565787
720859
409530
758290
961629
874337
12942
808644
318883
914666
740926
167882
852889
2832
727766
395245
324439
880757
692412
870867
253963
147265
507590
247353
349663
959575
713647
752119
440177
99548
48431
445722
898846
649194
538717
338501
532090
41081
994372
698197
760151
876465
639804
749364
947583
158084
178376
112059
606687
338376
302417
109751
663169
720372
624304
787720
294852
415756
653690
400680
250939
596824
877306
239928
218010
926917
754473
667189
709454
955431
45753
13658
469901
366478
459822
710573
960999
49246
616005
934123
962979
910440
696576
445664
964688
279387
213255
140705
509555
47797
755486
381427
986661
322510
44666
139590
904785
511257
904487
30704
518868
500981
782496
237080
834803
618
269220
81163
311945
917386
155478
715406
311506
60594
944106
545547
914331
263409
829752
753414
649434
536668
976746
629576
234108
483506
308440
564452
583668
487040
788472
921677
432755
175348
845824
229447
185144
842711
418002
290512
483973
697340
249285
263280
566784
852231
130275
973416
944342
665273
873105
854697
447372
451276
693927
508732
150854
267606
168418
792648
434694
10227
934107
952845
377130
940565
397084
632885
848966
470244
616199
52599
400238
134839
364159
382596
566696
504993
666746
459008
284990
313975
659178
971647
134487
554401
302493
695848
202293
760213
220970
545084
305330
783859
789325
408339
189641
137841
72959
697754
928830
602953
429728
668869
6255
959780
709438
115953
218367
841832
714431
728918
177585
402325
620310
713411
274760
545018
88907
964677
56503
459521
466418
820900
332413
984527
789822
937920
515893
234965
33393
532721
30680
415729
588129
93657
680032
467884
174457
601062
32138
140763
755613
279366
853815
186933
949899
992002
336021
379831
982663
743238
516981
219488
519919
463115
192810
673338
864098
610010
892640
709557
895706
384125
723749
333749
56901
182918
645792
949325
807098
511821
114423
905807
846056
506392
940015
798612
801172
214557
599233
815738
712197
466538
498611
460824
120413
709335
653128
75736
869606
862347
12518
381902
206813
327668
226321
189464
796810
666739
33891
384806
509475
312130
970964
847956
42102
935695
89427
788309
606483
237067
504209
356892
741525
176023
435304
172099
399076
201734
209182
763320
755004
472111
628762
473957
662219
515760
631887
542963
860591
90173
428802
422487
609934
336899
374666
680674
489567
177881
938970
295145
448295
240676
753646
476307
248373
676809
59153
422592
340993
733170
115314
259217
890000
921643
571455
148315
134659
834899
840085
153243
710688
384918
373579
512068
886625
796499
177107
526280
843200
143606
165079
739883
852610
418700
376110
249750
522067
804925
499050
326091
675231
122385
610301
105052
72609
704849
993277
739345
93931
585137
383157
329106
232791
791483
829877
40960
362208
206023
870867
803308
722901
961885
62709
975137
920047
290861
565871
538265
870385
521727
852214
234644
361272
456735
165503
892426
215387
469784
229258
635247
747943
610608
8274
691950
86107
601220
724837
733194
618784
606695
346716
326185
734929
976406
380078
985104
161203
904604
668187
671513
593002
809258
951683
240851
779307
507130
95311
881624
811369
465738
498211
754945
955024
7032
81534
284384
229478
394077
939396
304062
981900
27789
819249
610691
578548
588132
463188
712236
998098
580996
905039
364470
998868
230416
751695
315834
421740
989648
682698
590971
172961
477018
253984
414265
434249
502390
931982
224283
57264
659012
333091
506648
587561
388488
752787
121420
138762
596984
60442
118363
294902
633215
103527
437182
230394
924908
471044
169132
692060
527208
53066
213992
170377
875925
609627
819407
545056
876534
257013
944449
556526
986823
435456
228536
676333
64351
39274
340509
347144
475182
571363
561330
116986
196003
406182
572296
458157
644527
973266
685469
14620
130046
238566
816098
516387
165787
330036
588460
334586
521957
73020
581462
731642
573268
937848
918821
399104
382862
291073
62915
817061
612402
4950
459755
609791
910355
178130
741184
300395
305256
843561
81281
357571
940254
958705
783929
530418
220824
67762
40450
162467
775246
1703
991464
624172
16428
677596
256562
843129
398879
115774
837789
623498
592522
634762
979156
305828
200925
147401
520025
770720
792872
444012
695946
380823
661865
905454
463056
729606
957675
739489
256929
759808
936564
687789
360257
361725
559466
492137
986650
8533
209173
610580
140436
487573
231278
702280
432510
89326
957344
349375
633644
828701
451739
77448
356988
856732
787088
88767
444931
292163
407700
637652
538220
539888
942853
561274
165843
879705
976113
807081
891784
966896
848284
538784
148234
145286
204635
734976
222036
881930
745984
319840
331623
725679
285900
369596
924513
327224
158437
176547
470624
965058
778569
511573
335732
452014
941071
580800
277467
792679
406831
228915
909575
763526
403431
152348
341367
552750
235709
906706
205717
353301
685253
964729
405821
488344
798561
381556
549958
489168
844920
100080
363760
966717
96075
611272
837132
786397
376129
29753
426026
996653
457566
831848
862953
466204
992613
247071
850750
335399
296782
452947
787094
509826
584321
484772
196490
575471
545256
923105
44657
633356
178127
427079
288771
171566
136985
912382
635433
731029
483652
404984
156160
461963
865979
354243
510014
30049
560831
849301
270032
575491
18585
131326
455822
116962
915090
179927
219426
248176
546870
98792
896713
323765
413031
514145
947603
939060
231040
97451
396978
435727
723346
425979
4582
998194
8467
708246
926977
211029
390060
437939
759343
699903
988767
491707
617318
487580
437664
569399
312156
464270
40486
659562
702633
257788
847450
930636
632224
540881
551362
480928
113644
856208
160039
214241
619283
75737
235461
366190
390759
226815
539144
919852
174561
354662
820328
191307
537383
113866
499680
338095
373489
933
371915
610133
35128
359061
590069
736424
851082
282127
381509
665192
612644
213164
810066
681603
488085
235707
56151
908841
284671
5161
201880
286677
691302
463018
808057
536290
635675
220716
226860
654195
271621
181311
592288
581390
662094
186821
309631
517056
351344
765014
613162
991707
837569
320037
270933
173772
224467
475863
989627
563544
581249
220163
325995
112903
630933
279694
979079
641325
699177
7412
205987
963099
548029
668881
231948
490753
456346
518071
759373
210194
370685
419219
789557
442338
367985
275465
205369
861202
723285
965577
634245
285570
162422
411772
241567
529130
13152
890285
878851
294306
897971
723023
484626
271493
880651
14178
272337
82111
756023
958882
122167
736642
544383
52379
1121
907892
735839
376560
979407
751515
443183
683811
220414
576556
479340
153549
73121
953148
680224
68834
926109
773467
343342
586031
852772
611324
167038
18722
567292
78311
219650
110532
848741
132564
919760
456672
227828
688118
426698
870488
270966
169071
395254
316086
301074
967885
193892
364846
186012
970117
304888
542621
590497
308210
28020
409018
455547
926718
686928
502958
376325
486810
938280
256368
413902
762315
788781
663640
382305
107951
836679
385926
363020
39082
912420
351246
494397
341307
453443
499652
424129
865249
795622
982298
589343
390579
154326
21997
463055
734940
658674
912022
319842
354504
826640
994219
332107
115307
31293
985581
843975
88812
559054
168595
968074
994336
554710
893022
897820
53850
865456
348312
68212
525646
750627
584794
381388
606598
311705
315262
418865
258780
650637
127633
577157
293874
842729
803124
257817
442370
528273
832285
144102
493211
874801
286285
272056
396214
556336
546654
959123
506007
92013
415890
460700
320933
16312
637623
489678
298551
675898
929957
438669
530826
31990
138787
926036
44592
609293
637597
134322
553887
867277
515575
547174
44119
212744
996768
280081
767296
621403
341613
570115
445413
46962
759123
380751
278778
351292
489725
127504
144644
874516
71834
837297
609935
749195
825195
655304
917400
478411
395914
119260
331916
282877
797553
755503
556517
704373
481909
319014
591070
510459
700806
508573
549673
505003
533856
403339
373201
658073
803668
883587
63773
535815
228314
289919
898548
928113
210541
451329
817763
769221
194235
185459
714871
705805
458968
92304
473366
332107
172796
815870
381388
154775
699183
437819
325414
770856
645394
582194
566174
53496
637436
680571
154953
282711
607779
706570
503870
393927
817524
460256
414747
454826
96944
47644
277677
352051
326160
968856
237352
447155
814793
808234
684864
372980
638167
900454
405362
497641
113582
925405
114231
58005
345690
690827
240195
636849
355818
459771
719710
490851
376067
68191
200243
545813
5816
177245
778172
363075
755584
110244
155264
184590
645362
16524
643091
607193
143593
286320
798615
266306
678605
910738
932189
401279
794336
441403
546825
745824
340669
410793
895376
969568
820571
75835
128793
214551
297954
252154
401912
705679
900055
613207
750748
921073
665101
932008
366225
709038
589422
872541
610082
720624
863313
836070
296899
847140
822642
315968
630921
852245
766204
80084
486870
227983
427455
242833
130620
903254
653537
612191
355239
715257
977708
606
267800
856947
64569
111550
423949
755254
765547
906338
946148
849105
917011
172482
111685
252778
719795
535506
347466
109089
178285
110511
328768
211870
730226
499026
958823
978894
303526
757711
760202
917714
361971
754801
589349
710785
942063
47791
166968
600737
110364
120418
860102
774150
332957
143243
675709
420360
60677
828029
403465
966172
786665
112098
497194
239536
842725
515734
869022
516623
813850
715572
560404
777354
574230
392213
950098
191696
500090
869755
421204
110767
770997
966148
728475
482865
185515
196054
909925
166671
893271
601322
939227
869125
268810
670873
950393
39527
856828
345138
457247
193725
659194
447251
546788
751857
678157
32791
672516
759970
928143
24182
558529
589823
295539
138033
143058
801297
519741
159642
755599
337023
110822
307101
889428
2541
73416
476080
338026
353308
73805
508112
171347
160818
294166
780169
490944
205201
538323
925748
117128
564046
857593
882739
542232
695065
311332
163085
289484
893759
854352
399744
872385
262523
5596
194131
422879
257488
295562
211337
958972
785623
92307
596191
335618
866133
112282
707920
606570
967323
647137
162369
31006
429022
145369
294384
579678
442169
470714
79664
713305
973755
320226
538799
18634
527038
232059
532043
835020
45396
672078
780169
143597
445938
832771
497642
675953
817471
257715
404314
795394
116607
281399
203775
258097
494726
647657
307190
577321
744103
166743
661388
284898
634938
731418
389697
63655
719956
676120
332332
522823
753796
534376
88363
280069
868248
509127
484482
902479
482697
755583
852225
397327
3410
607899
843333
100308
699496
726274
995212
781565
807190
449970
940116
702875
350740
685409
777704
94162
303131
622352
481815
409447
257669
647084
936307
360524
923958
334685
892016
914539
828697
85376
550443
508772
994098
868208
704492
444848
808472
818993
15813
549577
952661
210921
715555
559920
153166
761542
128957
90574
695843
192624
956571
936074
970684
706066
858494
644031
946236
944422
846801
946181
673245
797863
853538
128637
219391
189019
288035
159646
32888
215086
983112
888150
660912
577361
426668
785643
442794
153336
123041
251406
569486
122821
295625
175150
340067
564830
685639
468284
930019
909071
1764
833409
964987
623895
568722
722249
983661
522540
801859
223515
279722
698709
415923
222934
472156
914105
834127
471155
614157
104559
626223
272880
374194
31463
897545
27459
441239
149705
872405
24233
344793
636357
60487
479356
314127
132598
558417
749741
651135
65992
609631
409591
803853
123562
344026
889247
749096
637614
239622
486456
551412
370419
347756
725052
993533
778551
996183
579604
677306
88463
32344
54095
648939
582069
14745
646933
557962
756547
91797
963800
314798
360322
501042
104077
133478
793920
641085
461286
546746
305202
655106
476910
814539
563742
374588
119231
2293
700246
376161
242991
798416
380213
628408
561387
433950
458167
686657
873462
556952
876625
376667
507173
826281
876469
942358
917213
127448
222458
751934
530818
285083
310315
277242
173302
323122
454023
604379
87218
30550
536880
40214
842214
295655
305312
769115
14702
869338
320116
311188
440733
955089
440425
919420
494015
215654
406990
616257
66383
526010
446935
403528
417777
703234
766470
78212
172805
89330
59992
380089
896815
705564
268361
575721
695213
180191
273584
947379
429179
302625
279941
957790
248289
535887
678074
93960
599613
490570
802786
267114
238040
907983
912930
404879
107163
567964
302285
726845
254564
417784
370811
386111
791376
505642
922521
173723
185262
903774
95292
529871
619924
681612
556657
366531
592022
16376
514074
423797
785208
617674
783390
553633
375285
657699
638609
532805
603158
822120
713402
303739
720089
991311
500738
60067
84325
682580
677920
626390
65982
729284
594826
494078
422107
75772
64610
133350
18022
570310
79180
594678
288102
314228
267230
751417
13449
488845
954407
898888
874505
542879
206856
484178
267484
380755
220332
973523
953740
89554
517811
39527
221509
724154
161965
131270
392244
42742
533851
874207
535466
673593
166834
395761
977454
736437
79012
278967
244885
256769
355403
653841
203801
758448
438897
197867
833807
513798
698970
508699
784429
691000
838310
305786
120322
668280
170813
207743
968727
111477
371306
537931
547507
720072
236924
28438
389106
188076
481315
408345
864941
998394
112925
266522
815217
278540
591392
928458
748258
848933
406489
23945
43349
104424
756735
664263
59814
459476
814754
947097
485655
573645
979393
567481
913441
964945
341423
467753
256607
884321
937357
876258
126425
521174
732651
568737
816116
793404
677971
469966
755234
316926
378637
561038
119119
309499
297478
867284
985743
377113
825072
929719
617397
75407
321062
28741
860332
526639
484530
43955
108890
664249
208978
22966
382870
796993
908985
338273
307520
599609
95068
660610
347583
974222
941869
319944
33554
640069
449477
846715
330008
279551
489320
657864
610332
678165
291534
377875
984964
240462
494265
939167
734016
813602
457734
634230
208030
846675
168371
397113
231241
355379
309666
274047
598472
730328
381145
23247
252633
940907
324620
364308
63374
576542
907623
135964
67756
321435
57791
678935
48873
311312
370033
665827
755360
427158
278977
864716
300146
757930
86667
116666
9828
741533
344741
591167
747967
480621
881914
577425
980433
234061
147313
866511
376568
176532
544846
651449
57096
622446
212005
708448
42622
794468
968701
709294
524257
435689
182802
336798
114051
182099
780947
925486
542387
752464
226425
379652
306918
605616
174895
298766
706544
253742
927770
901389
396472
425343
983587
450620
159696
927021
193803
93948
340639
835093
337986
330978
613133
3590
752206
89430
182795
841498
261739
875082
56312
345650
936798
518252
649825
274122
876591
24985
959683
902137
113165
470962
909324
882166
296751
977538
34243
854963
630945
638751
246783
323406
546698
252613
547850
459342
580124
179996
773191
385851
507921
839129
930325
379792
936569
396548
941699
761749
868183
200494
12132
310800
491405
377205
337784
235799
10796
614821
80759
367160
341589
198970
181761
303845
321457
644577
362060
268271
17104
609933
966489
945756
121870
185545
894213
296430
77611
432839
701380
620762
616083
177556
615582
208777
416109
561729
889898
944046
353202
563074
98763
61578
289891
966660
207040
977682
422888
345850
417795
578202
247761
18194
798694
558631
891812
725585
407777
135325
290284
850005
558827
277202
387082
527165
685371
600718
683472
792085
143812
833117
710635
317671
17873
908292
896909
368953
429882
647856
676806
624045
391843
428189
494929
449049
737774
342248
390420
190606
804575
298519
890579
593629
196022
388930
395896
867023
981833
479621
993158
692227
452045
688080
386373
341172
868261
257514
230986
543371
676326
668549
985213
662466
773415
593119
481814
762102
27148
864151
365025
451580
698220
737668
775167
639210
145866
524861
260222
657022
157073
59158
363079
789407
725003
342225
677416
91906
542613
982191
371344
964681
214638
96354
81522
997941
912772
239940
661315
687103
528096
655614
615937
161699
468693
212542
982828
885715
667068
529466
180583
828243
164985
729735
322831
398844
385167
844582
840887
12612
799992
154989
898425
421645
201954
375913
576530
254230
305661
950153
524115
541850
211698
185796
325687
902618
21939
115482
221207
606932
635803
234225
369722
377046
348631
812441
27263
123506
97866
398585
700630
808710
219380
275084
259839
795448
206204
889789
472578
793220
759670
403425
185499
435138
236053
748296
816670
434451
684409
433184
815589
824844
456557
741738
50770
658575
781522
832017
989681
779142
800639
473630
709707
430491
935360
177480
152251
94259
644957
12326
753356
246991
580284
225909
193510
539205
582496
262010
431644
555940
250134
243987
803664
157952
12114
1444
342739
533060
8237
195780
51642
166835
167533
476804
927408
586826
85039
795513
705278
6054
846737
161333
682817
381855
189409
214372
857322
320473
919919
997179
148031
456425
543582
369863
855993
244675
856628
616785
939457
572065
528126
129988
307844
411651
746796
887364
878096
174771
528940
601486
241928
143902
280731
184607
519856
653804
648407
738107
770804
532412
551052
32095
909459
564988
721082
533026
513960
885706
960019
20040
366952
270130
229614
665031
447488
514599
551521
356070
945073
559213
866171
883003
386295
457461
805859
500722
201314
36884
880249
209210
8807
944546
450326
758048
313692
280052
612404
111872
119523
160247
39066
519743
258858
435358
25897
655400
825960
746166
215794
967609
559841
177980
903631
106213
290252
955769
887266
767046
274432
814375
736026
800140
349565
868473
181905
963105
497700
874185
947049
387853
211539
939008
482182
502390
381857
964039
998754
423331
850526
659433
687818
438722
255745
450784
162356
55701
485142
303314
117639
99811
604548
284550
57864
75997
373782
345944
358214
130869
81209
581184
903429
746508
194755
549268
882733
630583
766012
570932
509019
853393
260645
547442
295339
885513
719806
948624
100008
315980
646953
204515
484612
384411
906212
873668
144970
118033
581501
122460
132018
314777
94085
907182
961556
30680
514034
436815
254352
829342
419020
321220
544845
980967
662315
368569
932918
172772
535521
718961
911771
61020
507552
171119
523276
658303
982278
822388
657914
109021
392067
744317
909118
990465
979974
877125
283282
60102
122328
430910
108725
150890
474818
410007
277106
102687
777565
550618
354341
701099
767533
29542
763743
289138
362511
4670
396103
957338
910637
166397
55655
90860
963679
825908
345240
661474
489733
116852
496147
436067
799801
898505
143205
370346
952208
525028
197554
489178
314364
358722
59305
43709
572640
164719
940864
459752
121665
156696
572792
775810
856664
333972
127033
266164
231504
852755
221333
872040
499961
113592
764199
536165
715989
719084
939246
622272
997114
314590
271822
929607
65048
820527
694518
132337
65117
520064
216250
125873
399985
663980
74161
335332
832668
906023
676966
226968
302865
5106
63292
750838
141317
574550
619040
955062
450090
263589
382730
17235
182083
246361
453113
370945
66951
953629
373300
977831
627953
759468
47938
313674
496599
25607
810004
786112
634306
620726
537603
419359
227445
280302
178981
836534
996618
840847
476180
900911
309888
629531
680339
834271
38025
138965
135033
320670
911000
963127
728183
243417
600999
906523
785098
129734
535699
613586
542963
88268
948504
688828
672306
655143
165000
51578
612856
818172
292679
197872
785890
396471
707609
358344
509065
192073
379841
608496
827283
409999
429379
133957
993702
615778
420332
624871
35134
675308
391171
652300
329519
503480
914065
40002
523055
899550
907
228206
338834
541691
903082
849472
433636
311737
496231
391521
422481
531953
130032
469717
370740
652594
287895
75372
874881
233766
331781
905057
698358
471305
158997
76582
174913
926542
333976
656883
166973
832659
864814
753501
535209
193683
570908
735298
673134
621802
980006
304381
562165
845809
527779
121814
934991
612649
366827
662433
227335
965606
899716
75565
637428
459668
850991
607418
676882
809337
864043
375391
3146
112741
764103
583318
843286
264775
639302
671472
350911
13650
660314
798734
808121
643408
937692
601851
175159
40107
320049
430803
671200
134083
586112
670262
408101
219321
871092
328742
768340
542627
832154
145731
907487
726298
249486
929005
864943
293039
552501
458301
887816
760645
747580
389590
406301
535754
431976
999340
720481
821308
996225
178942
189875
381239
242037
983431
247158
727675
819389
30885
50276
5008
206074
377785
498512
25837
914638
444769
539948
625912
783966
191646
408159
532561
941291
157891
434335
32860
955170
765802
538118
101508
609694
783497
121193
140499
554451
339886
268553
99080
853519
585917
626781
752467
286191
945504
871920
729022
740966
129052
498859
577335
876039
847573
248859
197467
472926
357510
707684
519021
243112
571903
552490
26281
179954
60541
3499
160694
7794
955255
764531
549659
192089
680185
561213
938776
339963
231474
256192
45362
823022
276416
228302
800000
405984
470741
970588
803364
572446
263272
374524
545903
396202
176150
177349
196616
242874
669923
898825
712167
695242
903374
796238
732251
703664
876040
574091
618939
835260
216668
728506
693205
963674
713733
164890
647230
736117
799575
188635
852308
143498
526465
770355
271178
435646
30076
950632
697011
16977
924509
143258
588580
571756
210014
500878
109261
760178
70832
242557
922087
74926
307229
376525
687179
115856
688134
433714
652980
621343
789938
938864
467602
247329
41600
231499
371781
226375
278685
950973
272807
722648
631473
404262
547985
738938
348598
703559
185369
42456
223489
203134
420222
781040
135057
132219
387240
921111
244655
963883
25886
252855
288234
741091
822728
332776
607458
364035
899120
843759
310363
718040
47348
492580
189563
690155
40454
473682
859807
486364
194248
359917
119870
98101
437597
752749
157148
73821
260579
971631
90964
327542
101209
489287
275873
808589
103253
235955
482519
759931
479980
406140
464250
154605
768509
778717
244563
276950
498731
73662
56047
792689
453445
944282
707473
489303
520230
303180
38825
370864
297379
148074
362731
496307
489976
404262
710957
712255
482915
261302
408910
477437
781615
12658
396528
456841
278708
473295
535043
445825
323726
528068
56721
922132
624817
90334
868777
90565
534621
224200
115916
580025
830809
773472
165221
913207
43175
23145
244984
769607
417470
355887
90328
38468
257290
296571
775161
361439
380578
677338
685970
968445
785005
135475
218230
447640
773767
641952
305108
104830
746184
175613
647556
566042
430080
335261
557374
91433
746765
928963
882570
463942
520974
108638
89903
166401
490719
451951
482709
517456
574930
225197
3925
137314
734331
56038
845276
927679
416506
753459
205670
721069
882098
696526
375028
625323
449353
668468
362215
240772
634125
220822
209619
740421
530831
913017
195453
396974
358716
144804
936679
503037
699955
307473
504050
662516
749002
944252
462870
239850
728573
869018
509642
981254
628169
684524
793664
29363
977104
688890
154671
551673
530861
890125
114747
156970
820543
11725
990519
875768
429192
980010
981114
901468
861087
841693
64338
123957
249240
733095
634690
875043
548696
518312
833033
92286
108814
290816
675885
278257
504812
665032
495038
114243
933386
177967
182149
918725
351039
992349
462269
28298
196042
428718
716827
892047
649344
534501
609525
743077
329850
652570
67893
333181
986283
323567
95931
947693
505188
145335
711994
543385
658279
891343
658446
698634
769733
498348
214547
133506
830886
178737
14767
562727
394865
708262
553721
163421
339517
494001
405648
229922
211895
356122
377836
884817
710353
228580
615157
417439
169973
818105
551006
888555
524791
703236
376391
761136
497138
348658
208840
615744
301665
292564
665358
43330
502221
658856
248503
560725
701958
361071
946472
915373
255889
357188
28937
745987
768721
285570
871153
567543
169982
675232
743138
181509
593996
502021
138401
509249
224876
996475
436476
496038
756285
787792
973199
983522
399315
852844
816020
522565
925451
797946
784806
965288
784715
867461
380588
353890
221470
915107
548954
835791
35572
375658
233879
914894
407472
636251
719312
839955
123351
688596
536035
707986
277100
433501
799849
277346
413180
240719
467985
41296
256855
360861
903824
513508
671828
68501
639422
769774
872949
855140
568650
976428
810053
626186
880678
345100
341884
540659
47482
500029
741926
706389
325942
313533
700261
722327
811461
916378
679193
724800
34243
692521
414319
724776
517324
170125
888817
326502
827462
998027
639085
106672
541169
103406
173380
593139
664908
809470
778363
5505
232682
268679
319492
388921
899640
782320
136946
615599
209524
542042
928647
994481
838465
167068
608510
874103
339948
55576
808135
697629
117950
47380
654304
107687
398167
352657
846026
589701
429112
37447
165480
923826
737573
126467
228224
789044
448721
952060
304473
256401
404129
498670
399724
338045
462214
169139
886455
420447
757663
46173
3148
445158
708570
684713
812458
220923
799724
427685
362690
319492
915997
655421
968360
758949
318706
537464
925538
422777
527746
532709
588788
523798
861909
21282
323223
325074
409258
684604
131884
1364
47656
639436
73946
714397
930079
795371
473005
805644
554733
936317
551069
118969
314303
55591
683207
381837
789382
277297
231598
108181
22107
159318
470358
522699
458901
694607
127532
772511
154736
499235
563425
829836
859773
614255
204000
302051
282633
973099
77519
287230
560488
504796
903478
8892
972519
852979
398293
377373
637200
127348
302164
751417
96977
556433
974396
498362
657006
732303
407160
142217
630178
260490
304065
931796
872544
445016
150588
131533
442284
560661
121302
537017
876164
413654
560963
639482
487333
784
955694
71736
497661
393191
790540
249160
65759
352969
745417
438772
218964
570348
203672
477452
92028
154675
490172
109767
366505
424483
295797
417104
592010
152331
54752
93208
953751
345521
973900
908299
940648
150654
402832
841331
431138
311200
529514
951866
907044
953587
839677
533553
428560
60657
38030
952885
718136
334013
650477
325519
268062
804369
838115
38234
17486
734836
599372
755103
59845
430982
82569
548560
672349
514224
77408
786818
897792
161835
443563
676121
707037
650658
346169
658661
789820
712795
229383
367592
10058
452223
889442
79781
896342
293703
397666
380321
570044
250564
883168
267548
757809
634568
56799
253347
564491
969996
176554
840794
276474
183694
944509
607251
761707
558854
182395
170878
325091
533357
250158
229916
116287
319139
380143
350945
21273
161768
949567
885720
872636
898611
546258
611144
248669
313420
803676
517859
742292
597627
352226
374596
62620
730694
512452
43657
829643
781833
469087
38151
898694
879230
366269
459081
439999
157767
185126
202373
512551
521459
661804
516654
289849
152342
708587
592029
572959
914902
131025
71978
804685
587827
411687
364437
512321
714295
740207
298852
350822
972662
708682
123774
203622
305881
622517
252334
269132
841631
421349
466955
43520
947262
592375
556200
342168
108511
505970
775488
948386
30645
262526
100244
211732
600202
350070
96705
258301
395976
117687
931925
428036
200132
379576
989682
283800
801455
606031
707349
396420
792508
611641
663835
345250
112031
974840
752892
620302
928306
402229
727779
437091
893773
6052
51896
823461
800659
388441
244733
438587
5161
477429
210768
27123
17193
570783
751981
571346
938518
196717
155892
70843
848145
51090
389988
85465
336786
638720
284477
668582
861665
349691
939851
317830
427671
355316
715011
300454
120481
882152
327614
125561
756522
803354
580911
706207
319215
600925
972392
785672
890113
201027
525062
913024
755572
93681
671501
578664
815591
337504
116078
829446
677591
339453
994562
495119
134101
382286
276844
624638
274452
892584
545628
124054
294987
594301
588801
990718
696042
670602
258090
629166
626605
8371
630865
502505
255118
777623
581154
147655
939842
542843
852858
734582
464201
762204
60363
594606
789371
550087
558131
836990
502567
346803
287260
163110
254151
25954
132956
861077
394729
145760
291903
10961
904065
758840
287391
377351
552176
576478
784934
998089
718240
886581
468353
808726
353039
988885
547500
681149
158618
311726
252225
831098
791879
438772
359918
996179
151384
706667
863014
461754
227207
521341
539377
129237
732621
446041
568361
191168
832432
300568
408473
926399
873963
736659
756734
520452
393233
228528
930627
64060
507098
400925
593733
655597
91684
253595
194797
749234
598752
979731
263259
541975
672380
667627
751284
68079
397099
76899
685928
363118
328198
155478
491111
315235
72649
225996
262932
769838
765104
923959
132794
733662
151539
70876
251696
576856
61370
412115
475724
117133
201624
708564
524298
397511
809223
927800
651367
73006
604912
904416
234229
496047
601965
792345
734832
739038
251337
249998
153109
792216
480280
600265
851447
173472
461494
418138
995533
772712
768610
854510
888717
403278
767589
90138
879433
898940
891433
825531
433826
427836
887046
812533
92191
195410
850168
629389
983359
991971
204972
999893
459170
531871
161268
705617
866869
608356
58174
428113
711463
577105
409846
199137
12955
303906
675308
866789
875792
255178
174915
940978
25365
210897
136515
364053
657273
932055
750515
667845
575007
686481
422640
111310
399601
965333
56756
435931
274709
189393
737725
864354
945599
677725
543691
198745
582591
688997
78178
833883
755036
464417
357463
18457
943184
96777
949279
874055
78928
749728
307753
494052
222172
462023
968855
58624
918034
313341
692079
86481
124777
928911
716010
256629
724378
327287
639800
607807
128923
296970
447013
304093
891843
444081
967442
36701
68198
861169
938180
50785
24378
102573
858948
133349
390960
524692
156339
829622
337173
963695
819122
945596
444956
2860
839564
955385
636298
573864
56406
337430
187312
587986
253499
103299
838113
665243
239348
991687
798148
606363
222580
426206
455606
517742
192560
393803
452888
992852
874636
98523
790307
833089
600657
83054
688786
703228
829213
1348
208805
967970
737581
673961
522607
64853
819746
925025
446849
306627
140305
129200
562781
573455
69705
67662
425722
606986
889244
507104
888527
359184
767631
208149
542414
844381
402635
988508
390979
800868
107465
480026
703790
173044
614681
837866
648193
796010
646843
786867
810090
457347
808298
489987
515413
572962
635822
87078
334299
665995
138936
835753
144084
92547
368403
785741
203010
5618
314957
308835
732634
346445
687937
587251
680667
489012
762918
528975
605343
648690
936185
378231
414836
429451
368662
750177
815329
461796
715945
575317
529006
703748
303671
126148
63677
974898
346654
652234
485144
250846
871325
61613
186120
289843
819334
318791
445001
245093
904952
456638
990439
446671
780418
788639
806023
121631
598370
910200
90011
674150
370729
899678
455174
449258
588596
480015
158733
25231
427928
327544
374258
756795
656904
197228
690095
991227
427588
480251
202185
888112
940447
587682
929647
514479
971869
179752
697675
651600
508900
758125
302231
299456
932129
326787
773920
542026
870922
795198
333593
809129
797995
63373
608700
372495
984615
165667
691653
613984
857785
291796
309369
896415
393468
585135
235558
934124
716200
993219
711401
886513
792876
683341
405850
319019
821758
260320
603370
330527
268855
252048
669055
509048
815653
70376
357486
389878
799780
114146
646100
418758
678436
567600
715922
998159
758020
330924
125309
504295
199084
288142
781618
275739
786236
366903
421338
309660
982480
442914
150910
967345
14411
866192
724320
291711
413349
477241
53991
153732
546757
61515
382503
898891
48003
516953
708875
407203
163362
767985
212749
988354
426034
664455
489156
241076
908857
622460
841335
136504
344932
887485
821853
668176
845841
419648
426185
402607
224512
726685
678449
10494
123267
952259
674403
872001
927232
404506
192130
821459
284622
717765
660114
44932
27601
683855
112537
923783
771066
633980
812620
266779
459447
525595
1870
523800
656627
518779
516034
963328
353673
665660
972919
696880
227366
985868
503679
242223
317470
623400
6207
320891
199834
776178
155520
270058
946029
788423
889785
312597
244053
751984
209559
608828
445463
631161
805979
367445
906272
315204
711903
417471
180564
780968
934782
729887
634986
443121
626273
794869
902175
153250
122134
236042
55251
934750
974841
529006
623992
879427
576550
640848
592494
585747
402650
365312
413468
371650
839316
607568
564001
692927
659762
784963
64796
426462
129352
203284
204431
174547
625092
994947
44948
414856
455050
79002
830852
339934
877752
662335
307615
402352
565581
759531
821
34434
108298
904991
295103
869921
761042
151168
57301
789619
12763
626289
935820
717406
117651
427764
749073
672673
279265
834199
742953
457351
154722
453337
122146
630353
892522
384053
684301
540603
134911
448479
832029
48901
210484
456933
426225
147509
470766
346007
449435
693484
365574
743814
673032
772539
516479
406241
19333
232361
379337
192867
687702
996636
649992
387438
532547
148154
788339
930682
787904
444219
67107
450976
912854
458525
343726
813674
364597
291322
251793
40275
565729
5115
258421
171647
131900
812101
960771
39020
570651
542260
317382
589099
674258
645937
968742
990376
142177
28096
595477
250647
397230
359040
369083
78845
322984
475984
1469
582087
28200
378155
381967
582722
976049
164231
516926
267197
579906
587062
943720
44081
809849
558583
759608
856508
142328
827237
341081
199937
761767
71560
354418
741375
64314
408600
176082
992181
487203
643416
389963
960937
351703
684411
845356
736626
827305
404652
2507
333848
981868
558333
998616
953544
491286
30461
75149
41418
577383
706315
238336
433803
997361
538917
18111
650196
879540
598705
13200
853309
752036
784915
141487
587400
829903
860648
187108
341593
439858
207901
492497
253021
116632
801996
760289
761023
569045
487498
154893
962201
806034
411512
7394
346576
34347
239035
638512
811381
509661
225321
504310
527375
967336
593980
453732
421765
129571
743809
62267
864808
22204
955002
450577
491799
890126
809626
672481
449812
958725
109702
574586
866375
976704
582794
868068
272795
620611
536271
391560
510490
242290
762091
877910
959892
802398
148533
759818
495339
310958
706375
918529
683660
345695
261736
370421
25657
898881
271457
753259
812460
154331
317533
271485
249347
251064
978139
568492
294764
225616
112971
345816
720551
636479
418689
190129
390226
275056
653427
503102
466479
145948
451850
12420
86786
941333
936940
504118
13824
50747
592609
355742
934124
467492
176369
981667
839671
71197
671378
865760
611302
843452
887042
714755
875619
34035
464081
2768
151232
705911
933209
513137
488640
24279
918496
81545
208685
997594
571772
944547
425175
862971
140881
174798
391859
774447
598811
992736
56302
304223
364905
562581
260723
488755
602032
106733
715294
168732
51155
662357
13523
656263
104923
327020
706977
9934
853361
683093
890339
147104
989924
637363
977458
138085
315274
664950
907988
911114
413519
385376
300725
230958
223297
311117
917692
340732
431155
64962
959230
619252
126626
177129
380188
127716
505579
227284
100615
900762
629369
577147
731100
669087
498034
443074
496886
554325
443669
366288
123807
129225
570859
724725
117446
405619
294585
793393
496310
810626
184945
392017
975735
141433
268694
780920
65868
294854
113833
609538
577789
319674
101155
375007
441777
165034
13622
571786
974983
683587
214667
808172
845724
965329
303908
567568
916869
48794
401669
825421
238309
706934
770163
784206
73929
805606
67560
770644
485575
510138
728062
779295
824705
321528
749002
844512
420922
351690
423403
340716
223859
924958
333642
546378
733227
517368
110302
787371
799352
134074
759412
46476
873121
367956
678385
435740
401540
605724
324154
566325
618937
564617
428039
351296
270584
21433
795542
726888
984742
370097
940292
107748
191538
218000
76372
574344
495138
62934
927090
749379
742888
764505
267983
887280
340617
710084
244808
373958
230468
696282
237323
661996
996193
152594
625443
764117
688143
90657
306213
608545
720981
686738
495757
598888
456263
105234
427026
608372
641135
448263
21236
363026
207799
226849
889461
754583
669591
388650
385257
869860
485475
838476
605802
501011
889178
562993
849608
900182
29769
821891
614512
253650
7812
880744
222474
811001
609055
518629
637266
849670
674922
989337
551577
338255
323493
977192
85028
305148
703566
355928
735401
69027
874426
659415
184431
853238
904391
273813
644443
832839
193057
734869
555822
536759
90549
346014
849176
730367
240949
931892
874526
917040
331450
397095
550697
540104
12826
260743
108224
469882
388713
190652
933018
167792
650164
