751850
416827
970709
675798
441307
757801
64448
726709
815526
345062
454386
905449
797070
543382
288834
836588
936808
973601
396685
127192
813678
333696
812843
893747
768624
948891
452086
267892
999555
136562
474163
103711
120007
635367
199241
721330
614827
839071
176051
771899
493302
862466
479306
143894
975721
368106
849010
649407
231265
436878
142005
193508
714100
757251
107920
855388
162590
443143
634103
113770
325248
418343
800430
650380
541763
48966
640212
765739
878468
436021
600891
980931
338948
801991
348264
774754
952654
484274
42930
580958
880399
530278
612472
677074
753968
785746
50384
180302
651640
545123
318584
637256
317781
833218
411315
10363
478678
720618
388797
653183
268036
127356
320985
587748
663228
629495
183586
511390
89577
662028
502861
244737
412155
826655
655812
666872
37939
198968
932161
61428
274173
308177
250775
993487
576546
946665
239200
433121
365149
588574
471318
145057
82629
715662
703883
618184
372315
646410
912705
876733
211996
512662
823585
520141
119150
929341
259191
227612
134525
452962
866609
42600
590266
392023
253985
857062
547678
911663
5497
8189
869512
907966
701229
507018
577738
981912
937041
736718
433940
207517
608952
233922
78851
114056
654507
816409
656124
634534
749942
607951
553476
238551
368683
363592
193808
271134
339535
332847
958799
563586
67747
849434
958448
694556
914453
246808
653323
688511
70908
750970
413991
902110
54431
367864
821496
131124
508963
801088
250418
231725
103035
473295
704811
135094
899458
178108
269195
915538
847458
157016
8213
401950
930125
291346
541227
948222
885907
431204
613406
651200
840949
48392
718806
310346
839560
334010
187722
529872
923261
853992
157280
125866
339896
510860
986690
359820
491684
447596
366048
282501
535579
412349
143743
735972
958074
622636
117245
964476
426589
755756
361140
262606
34066
683491
66612
984369
664767
450055
303672
897716
419134
128380
704636
458545
262407
175306
314081
116622
589460
65544
594349
395077
816216
981299
325926
506381
855805
177814
341094
713719
934607
533848
391730
902421
964066
539571
224668
787692
684799
517786
220031
437952
546671
801329
455629
600590
391543
903907
579342
106630
736872
891304
798584
666384
888327
110476
262485
205622
208371
761150
981267
859798
664371
759987
539728
363287
83062
439519
554511
519129
205042
533479
298405
950242
393612
346542
577926
785532
89402
258539
824763
815203
303289
549677
330852
631677
358151
124846
387233
545202
298509
352513
876311
969309
780782
197653
531637
416986
586872
292565
308401
967605
449188
504735
802507
398332
801346
281083
799040
390753
412245
488195
635774
599334
798321
121666
285703
600544
287403
791040
432398
843393
466520
938168
435146
607931
98272
381713
465889
559548
108154
38922
905766
142516
600948
507651
385387
876124
48143
901378
191566
456049
726024
314870
720371
337891
774727
470040
66170
567209
519944
982410
272501
900253
944226
94592
412781
475161
145269
318737
945701
984516
986399
357418
254600
485275
56511
128289
159109
337550
362380
57497
143240
849506
520729
586796
691577
648648
281794
480892
436237
701910
126134
848528
724125
243131
578984
740740
488685
671476
359745
399252
608140
181259
857893
675103
981141
849616
624717
697742
627898
785751
430810
593718
139915
398301
183882
868240
328144
849197
564253
181796
575633
860557
977911
588864
697007
437376
244819
87411
100483
599108
42780
41169
483177
113628
34709
931274
625425
378254
567580
859222
652865
508926
384991
794707
501650
751530
342534
894829
471357
279858
226826
88227
264914
680862
778274
38409
361133
333400
630445
504613
387460
762850
148829
130330
827772
210067
767865
618883
771941
606713
429212
725653
176990
647128
116530
980284
293845
186542
351535
285161
278294
371621
653797
190815
254752
944196
519012
495616
738170
45723
119574
537232
536876
640603
812899
64268
134741
552931
833115
232763
391171
755083
975277
662527
871469
838452
931725
390291
990483
458352
11670
383567
330477
571052
449908
33985
890354
534472
81039
535561
801878
586136
444485
544032
534869
632128
190076
16404
87580
256480
161051
816005
565221
934941
714791
93047
884767
936052
520572
705584
377904
243889
675009
46803
984034
928847
892043
24178
870415
635305
799164
770639
904786
794876
573587
176435
268987
483837
40572
659495
446077
202778
499577
443437
845544
913118
362047
240854
252580
119139
554723
774323
408178
16894
72723
66089
228722
335077
436251
703644
646072
225375
440391
726489
92049
123143
78121
743671
951843
59230
465575
564560
573517
631671
300588
714589
998889
160895
566455
781563
520078
986992
451468
833846
765184
199555
270020
694242
213088
897296
742851
954019
133272
98956
211208
925625
28992
822757
525013
350194
888516
410005
325362
915794
42392
877814
94686
713578
503992
793961
326811
132496
396766
139969
930556
618855
501424
749710
33022
237243
185947
463640
289288
452851
935168
883989
656713
807549
154499
914863
399936
100929
738544
670595
611820
165302
212817
91730
154994
673939
755154
911178
891926
42012
694468
649696
651299
684859
197831
954021
689846
834406
570487
541870
221077
674886
682764
761882
220983
622925
835100
174713
905266
541465
368807
267906
288333
618720
148734
880629
990421
329238
366225
981233
734855
437339
57499
317632
524585
26139
93150
511392
804152
310437
68194
416524
169006
370544
153790
398832
711561
817553
34812
827016
162158
712025
40930
22472
146332
761319
953245
198204
779970
205526
231699
977715
965667
744827
138080
629023
908114
443272
889140
774032
56703
341069
693911
384101
36077
300599
710870
912272
405928
326917
1823
503898
182941
398100
830405
394566
24013
507957
379289
65492
171256
234304
979558
329551
646473
843911
112427
394360
397001
777632
111763
616675
55303
402333
399956
93534
984020
806089
434162
803827
423412
217149
38546
68069
288718
296214
591211
780794
913482
818363
223338
888298
872503
544490
271008
988843
938594
931021
460289
374733
467695
593228
465926
521662
252414
137146
76379
557243
233639
322819
363249
402214
97486
133031
713595
895632
729579
569606
728628
135559
232045
268614
610762
794798
962381
124200
806087
87168
564765
708506
185744
613957
890690
884400
872915
325034
374514
669779
341046
449571
302988
954746
483984
535015
350708
635083
362033
551655
887893
938704
782609
599558
982023
170514
960311
299711
377297
561492
238712
855929
784842
223782
196170
301305
540030
868123
169963
762824
264733
740131
718531
231794
80179
579659
128756
663035
682726
583870
623304
710194
155073
52834
61597
292919
961516
844262
420713
834411
694172
296817
517253
949296
221043
738945
937976
414289
548351
677720
808917
444973
124263
380701
213527
744411
80519
368128
183487
214742
226021
519561
459997
969656
599427
564275
754312
422564
639122
953747
56187
690141
106836
985438
821947
190389
534365
825712
794385
356299
655524
814062
599629
689791
622828
893671
933895
479251
838397
435547
531546
895459
806901
391385
293309
961459
598839
262071
312211
535658
832075
341036
825545
133377
51026
161773
937383
618574
154130
939773
747663
295219
222987
8893
328883
847242
956413
289402
341239
95561
776710
29826
300506
303274
178094
135812
993140
45295
508226
626528
737474
325039
297632
268080
203887
928225
864099
438596
114271
774919
590043
503883
941921
986715
712990
948192
172806
113430
884256
565010
293775
315813
180987
60146
458420
711015
214745
954935
129924
297644
787272
501061
514234
574592
765912
298502
128130
338500
759756
311551
237579
861922
450110
343241
761280
641153
189079
5281
27721
35473
573123
683231
475367
48346
482598
518218
860176
267245
180382
157057
602852
100216
465254
540294
88974
941263
354765
881781
998458
365403
203694
828090
152016
472516
496125
133314
567059
487251
789778
637760
794375
567329
965724
416279
438177
643411
790203
8207
339319
476416
881147
121711
21738
39460
965467
278529
650085
673354
231524
393075
704592
100431
938424
759957
146983
384659
921045
487461
540315
552727
750935
855729
402679
610796
560167
360297
959174
652404
311804
615470
141313
210420
538245
707681
134692
834978
591667
395141
696480
10891
596058
429586
979858
236515
99021
858262
512513
908716
368862
409342
361720
317757
796624
391088
778147
747126
15401
871976
537637
950141
444701
442056
592550
677241
848047
881334
375002
427100
914871
3059
683260
677410
932788
393243
413667
397620
922716
143201
866323
574644
914032
629218
772258
299356
344828
646044
89882
992872
936665
685131
444427
569355
370680
589819
574528
170441
559331
348925
721030
529083
60752
862385
703489
838907
177445
959520
652905
140835
475613
338941
600093
864472
981553
133257
128836
692769
632204
142102
602812
639978
978946
404473
519920
881265
889653
992010
607364
358908
634782
869490
785328
527369
268580
699711
649603
605129
429780
537491
292799
814674
433758
164967
654899
861280
495561
901788
929254
751401
616196
951377
732876
654894
227956
352460
149999
883256
583012
465611
982239
629318
891558
660074
982269
180640
301513
866820
802463
557068
713009
36532
157976
401802
424308
352945
765002
896255
121284
267677
571192
479207
645785
259056
970745
516076
773017
977618
289052
244744
603890
21265
527660
842629
555867
756076
523174
206148
80521
578053
718242
577030
993540
769079
443900
49423
521784
358679
173672
366697
679492
384298
133320
544756
442159
345800
813534
604416
884067
978434
933644
899165
231182
521157
446172
959640
472318
305653
89565
184730
895982
825143
956651
143794
779642
774827
289670
119684
37019
624673
28827
614942
54493
525433
920789
791913
710514
828790
392267
233628
201678
382342
96623
295905
516001
624405
683343
287110
377215
723433
11810
676276
720238
14865
373694
364566
486642
415992
66124
580720
403519
380609
715724
635971
99998
141701
139988
825350
431360
860212
10330
87404
500839
682335
525892
62943
408388
402267
958909
282013
332342
791878
361815
789310
233128
353111
14139
361517
720218
857009
514964
694185
190418
75789
890383
1508
855291
127422
315753
797893
751152
721287
824801
976645
990211
881247
782835
255924
901980
416274
761752
17662
139576
430718
804120
789474
5023
733977
377357
635519
982512
157652
471355
822278
830325
334221
847211
208083
167757
742173
668177
182278
175613
990307
783382
452756
695281
229067
310496
136678
152482
800413
478454
880563
881949
129377
990877
796975
981648
95594
911970
617578
111024
648357
842914
372398
460525
718336
218595
242306
385883
982679
433287
348103
670402
667070
449511
419779
184569
246660
67388
444334
734937
520156
99012
589234
632476
411019
669246
169977
399148
833919
724078
490077
853192
540044
548994
223649
833147
469008
555836
707707
975976
53295
162788
312280
187722
22542
445436
181040
150020
937914
502118
630148
413532
605728
392470
13254
386717
931399
190568
122598
180144
501977
950482
736986
844368
501552
629841
143748
491169
716950
169686
302799
459581
221830
126560
363398
322818
388906
93541
636859
73304
519058
424758
330499
53080
922338
483291
219009
259172
24110
917603
55590
135803
889940
507959
133121
219572
920246
47964
236161
281811
853183
525395
820366
360162
289292
127450
295985
654135
295132
72844
894524
959135
20386
88478
427218
36654
516967
440540
80238
190527
344736
896956
679450
438590
77157
824743
738106
906478
902647
376039
133199
882313
429015
965946
589645
488291
834756
2154
437436
788695
371164
326445
713150
677150
401675
871352
11200
621556
326359
814748
385624
356525
148015
962355
641559
139833
830503
54681
77883
590182
672803
916893
293086
212015
297800
223082
971375
282641
127897
927865
301351
117739
965497
959898
393936
128321
488159
469389
162291
547903
343010
330102
95846
855950
406983
930238
832949
509039
915927
512037
847426
812800
358325
193155
827265
617048
601615
68774
406684
779885
944576
224537
283351
407621
135367
273160
500421
145335
712740
973682
327977
728297
408854
902099
307365
795371
752543
814194
532277
413640
66573
39710
721822
227956
312216
877226
378727
288753
379497
193149
198023
866227
523492
26811
337738
772166
4568
724029
760039
851612
37052
970594
844526
715681
451149
162313
280863
776148
586084
931776
303945
637799
138795
60654
808705
908863
543780
541205
553192
750632
875476
131944
181199
31099
105218
747853
697415
43202
799079
213673
575183
972491
441695
371090
31975
365638
562775
586356
888094
32262
616992
123262
801182
21129
640503
65130
276103
427589
646692
690131
726045
251582
897157
606316
640710
614579
940506
372349
591842
611546
333274
719259
368987
706869
764339
552027
875685
828993
764656
812865
168562
181183
544975
819839
309103
294974
900660
710873
505538
241171
719442
183906
39726
790396
518507
744007
931698
311285
707991
589455
379382
748851
678773
402875
591981
159581
640175
456325
124378
594793
385663
55500
314221
156714
945300
118211
710354
696498
941749
907795
921482
883919
89026
399497
848650
708828
385873
826443
780150
402098
314881
715149
340001
365726
109336
911784
951866
476365
256289
847536
459305
48392
216301
722218
315653
899708
925130
575179
419464
317051
964004
874133
556197
832487
837083
927855
604329
522568
421946
65765
87707
195512
524325
858219
963167
897624
27312
952118
663569
795228
917530
540302
51442
805675
452250
404134
450338
406959
213750
118024
124896
865398
913185
791248
134604
269305
791799
277370
959459
862251
139020
134946
53730
620296
454929
125629
125165
799655
447238
851590
641311
4218
885143
510608
434460
969936
2287
602031
967652
429044
873626
680264
487330
495205
407761
18480
627002
894052
589976
541000
256706
427265
843520
31089
238323
317270
198103
728054
104207
31817
840345
891887
832946
819276
146031
792633
286056
268492
341775
399401
462498
483970
181508
50025
636871
502701
851160
716864
975780
276315
6508
6011
577022
470579
68566
92869
236280
39593
631251
32129
848960
938028
562643
789346
506266
852044
778645
392217
954736
579534
727737
153299
179217
11344
229221
360232
356962
359194
43027
762059
548015
314666
716982
13227
449519
77033
954261
58393
276641
833561
998454
506985
611316
445334
872944
780321
139926
967004
821907
812033
38415
639254
731910
486523
91247
519061
817858
731458
818210
342701
863155
649191
581808
945426
618208
991075
362371
401600
972457
611238
644062
774318
498655
928778
882599
348712
319927
283422
810417
162970
472061
230519
829451
984596
355370
997268
262776
569459
551511
73221
844891
254871
944384
498063
129900
478825
786789
717170
262443
391669
885098
579893
201354
105699
450769
342564
719212
991368
694229
700855
784505
652848
851851
737854
376871
951874
462917
23134
964539
797773
166928
956708
248356
352697
848752
320145
838336
439098
192938
116642
514552
404048
687818
557033
466032
343310
569014
671756
440602
30405
527675
718040
550460
224777
169236
716315
538792
677229
185369
154534
991786
661838
883954
668666
395033
994262
802013
390186
528320
899513
506380
656707
685647
205516
354477
137400
775285
344445
964575
521063
854148
10245
819657
710836
601982
934875
672381
366277
783350
568197
579899
657761
257445
708403
745995
441855
725979
103494
476391
153844
57478
562966
163350
670825
354919
261448
685852
508706
19944
819887
935221
385598
373431
82900
200883
468158
83593
78851
439888
362323
312358
235901
950191
86249
304578
397829
896819
709898
334461
936304
32104
133980
39006
816638
949675
220260
542939
321425
900694
715317
500570
149649
841371
67071
186637
476308
282554
710668
469315
427013
583417
546775
422369
90539
474788
755317
175833
904432
410368
746061
444091
453530
431977
41685
588934
985574
213485
231538
306112
259424
801491
187645
250654
633936
481483
904430
440474
557517
19523
934301
545986
892350
413234
775136
783901
572015
595277
41809
912909
601947
873179
123881
509621
330522
535627
746620
786025
800698
651765
937238
280572
120171
226620
305638
606620
686759
608172
713809
836215
374118
115793
814057
586638
367675
924979
533018
601526
158376
926414
620610
331637
588804
641107
745919
57569
835923
247322
655212
386856
147025
280088
568087
214577
660990
78509
801180
819592
842180
381279
17594
8253
863336
337336
799624
395047
970105
444407
911683
536706
284426
168458
535406
322438
222807
246545
221696
232451
744076
28494
46745
105835
850472
762823
193870
540131
681763
124384
317918
163650
871511
964189
754280
218362
551968
440325
133468
709625
856072
202139
623631
325905
701832
842960
953225
320712
718550
12264
923374
235867
522526
418329
533046
943719
376016
463422
823787
841843
340704
469654
312592
161113
481326
916174
892713
241116
630528
610777
11140
993070
436265
849255
320685
819007
13581
583288
541583
956949
823024
490908
346267
780671
33211
543247
269235
954035
779667
416567
26519
831475
34443
747173
911992
964219
883239
492640
985307
793584
339239
716640
161932
415837
92865
139748
903798
347129
923734
328189
912277
485417
245451
513120
166921
313711
593708
325344
88502
209376
649331
779681
221192
223377
180945
645780
658428
598004
560809
176322
821850
537630
704587
183609
249039
133214
837857
807365
33530
24253
537465
923310
111599
570080
748868
212384
307746
9719
667536
627898
635242
105308
830786
944528
311025
258443
367578
507997
397786
628779
661847
251186
874580
76232
836691
759543
369428
958131
746975
232636
539350
775207
571609
458858
912850
695500
459251
118737
365612
642624
383507
214578
559994
996649
538633
738755
716106
312489
689693
518833
141879
263976
500158
960024
352572
969090
641005
272745
212697
248269
72200
559665
510659
564536
33937
804662
668981
506416
568282
745784
318833
183836
18550
167609
671291
578328
901731
942511
733717
471432
250951
676197
941451
699647
850088
796455
288401
475323
595979
591224
12228
338176
217736
694240
793773
78954
229351
598969
469806
135169
177123
801026
486428
526997
492868
790258
364446
619916
947519
359651
795500
669466
741660
665729
32203
464389
657797
649085
384568
38617
958956
208114
506895
874087
609012
132012
567361
36970
467572
233661
286787
770438
89792
226100
69346
6978
486560
606170
512172
964242
73751
317072
466989
272452
514104
900507
410018
245341
481973
689973
439657
207723
643994
553135
254721
972320
705494
742634
203348
908549
574753
713775
392383
358631
598703
49299
68577
576415
652998
539905
268526
118679
532315
202171
175187
471938
491582
485830
644977
896382
680561
338284
824925
841534
870294
347066
620784
545469
60313
351504
246575
628644
644387
142474
500693
661087
487867
103369
47088
823209
513247
897225
391868
761640
703158
85051
248106
960971
904053
689535
69084
184145
248969
224766
226403
662039
928405
38403
245169
155832
617217
609274
721587
12568
434536
661422
802299
626523
336931
887067
614499
196078
79284
108126
324576
36316
493775
478443
364364
578528
237322
709536
366969
663545
729232
9722
512864
267190
268662
857016
124164
792020
146690
86490
469401
619679
28218
61750
844925
35115
609998
275018
220813
663232
835128
171977
532835
276158
348965
336720
666802
830433
350029
200056
841316
810214
64414
893522
831636
185822
87559
745304
164895
251526
128001
360688
846726
951956
718942
357309
221179
866316
335273
488813
748913
292139
509991
689640
419674
140038
382403
743169
40120
209302
981125
526955
329662
569897
524108
361795
862895
28184
189668
238974
589031
319872
607809
334163
766831
269461
94639
800066
127571
582379
454097
812511
984171
690133
431272
933971
495272
468885
138166
748960
976018
594393
757956
522868
105820
947576
469310
467784
642215
683114
872182
124430
400810
845756
533462
783846
59562
987180
504468
177486
959954
194909
435344
871143
948500
685675
235166
400552
714191
77979
985944
296757
177035
434106
855257
589375
918365
482425
736772
150946
884132
817165
631782
358601
181210
409566
951923
767866
582368
482088
990748
141249
485251
739463
296384
329120
615092
241219
134550
660066
630675
556154
29317
914894
136272
232467
624176
335786
348563
548887
945700
729929
15683
337763
104991
776564
755468
622825
722823
241110
403747
690379
47819
409136
225655
205341
219099
260560
868078
336385
520806
180401
16779
555574
557688
564243
724845
809365
274544
375488
987103
701954
89407
853190
817066
570664
678364
26058
49138
764922
987079
188197
896654
956933
5802
963590
758240
556164
578000
224864
525764
727690
573704
324790
142280
470680
553706
600771
351403
147463
216746
472735
705208
441495
773169
36896
843829
244021
606411
410342
213680
280948
4128
591664
56596
430201
12640
90791
766637
921067
210934
678350
604657
327276
897391
620716
200005
124515
35838
221025
522357
852016
728839
74378
275767
80018
815300
939698
448822
965280
262582
299182
553484
517715
549931
507774
736193
682229
739449
806545
804470
530314
313948
866920
211634
405141
898965
992966
76826
945631
173333
267334
165326
48639
975874
835769
193038
120798
851886
603112
196793
896406
835185
179775
242988
91565
361945
790371
917242
325622
402402
342339
975914
899964
610764
583204
212265
671938
215691
581994
735764
801742
285206
746473
426057
92310
601826
382930
710540
271799
676885
966547
449282
490953
269412
943315
174242
443881
669321
88425
834607
774090
920739
854045
69939
990875
333709
193557
47410
992266
703481
999263
3758
273659
819158
73802
751344
534320
505567
178503
630594
452406
284995
873042
5636
216994
792134
471154
590683
147820
88763
470819
495098
379223
680236
700726
909417
540927
101763
837047
938080
472722
393382
308621
380896
752851
272168
881109
444964
836475
683807
142636
15902
465913
71430
646651
424080
725203
357428
659802
492819
156860
615604
336159
810455
149191
423135
356229
925196
934622
181649
903986
562961
904682
319562
356573
646857
504803
522806
542368
711063
998740
492856
507314
600346
175456
954353
360663
304586
284191
53863
40247
415458
781557
695136
737308
942427
133915
93864
936128
370750
361423
650037
278872
604340
445171
781736
180024
657324
525561
700670
718534
508405
460608
12845
841906
719161
91135
722291
761789
113527
96366
232152
918688
604747
811296
92089
486149
425304
237422
123153
693037
759073
80029
64886
682619
29114
646825
461320
470309
578787
915679
786722
206326
635157
141729
296274
101756
163270
108592
972766
458625
102880
879949
503814
837186
659878
309455
593193
294761
577011
548583
845388
954607
955868
965881
760118
161901
726008
968006
711609
824420
239539
807799
348103
272309
78400
918350
39440
588317
120456
593945
138106
623817
226627
729168
958368
464162
248421
904631
113474
800799
110631
647876
187468
20696
220213
523511
420889
940580
536362
967853
51835
115141
430841
87622
372093
341680
261965
870499
237536
872099
985182
694712
782177
991991
276241
70331
945211
704523
470832
246888
800620
594703
84640
120666
60961
356605
409599
594644
602183
649545
872716
499955
517227
593275
461998
419660
113215
247702
854514
144424
303218
940398
818374
515741
997034
394042
702861
925315
789080
27111
118869
816077
240165
918337
327667
616526
425371
379574
398401
96761
719433
280156
616147
966044
741371
631342
198538
128541
858790
592308
871760
283393
853629
959811
141042
882715
123314
851420
844853
565623
428191
484710
63400
737780
339003
981429
914659
484677
379668
116048
635786
496370
417935
559829
53557
106236
902973
935631
460824
745475
801208
311348
963344
821800
333197
337073
146764
369573
30332
801438
404571
947244
6964
179602
882453
695007
927127
307035
113666
482094
243459
174511
960855
732987
154283
434060
56316
616550
67018
117955
297194
553314
861225
449177
986749
290140
742224
685795
485462
110776
61630
22752
369379
201738
671761
189860
14774
675817
516190
249491
106791
300373
44087
814789
606111
633050
441440
648827
531388
335586
871433
139762
371794
974454
675711
10554
894956
820392
431573
43266
605016
365699
380229
993324
637385
62606
478985
293249
284966
367263
329363
630977
671519
329780
275441
870195
884766
967391
169680
232174
623358
868123
25379
643168
350379
968584
984266
172133
508291
519728
778885
100240
197188
205043
933787
599520
729052
488153
347775
528306
100326
873042
661662
141244
609857
878673
184096
592645
318549
63463
166383
569054
778357
402660
193032
730557
850912
40786
752645
858084
652101
414240
719496
189062
941318
419998
179628
145597
566293
523970
870306
137571
270026
136245
782269
780053
602683
344748
990886
562864
275406
575277
727710
277405
766611
142129
885559
230334
884595
946828
230067
431035
776730
776301
363972
304552
834832
344605
648839
698778
505127
129578
686391
895009
582460
85550
3366
41658
687025
955161
557692
986862
497294
198261
43997
251248
601806
241017
673812
532529
2113
920234
80847
33767
166765
668429
133476
464711
889138
492306
475742
153904
972362
800294
940188
540370
418292
993652
51214
105193
481171
117081
165320
613156
857713
933928
830797
960678
807743
210070
870391
962187
129433
608816
901530
111316
119758
203405
524414
828420
631893
705786
800467
799731
376274
398479
152679
196970
823254
978694
785104
479757
712892
745870
352628
571955
998038
315573
935143
668715
109401
110226
602639
33329
667412
303043
499282
152642
331469
327566
967548
101435
860954
329215
379260
274879
438321
149880
236238
191319
959546
925302
842566
535237
94482
319506
467569
962582
774186
598179
213195
591957
583303
480713
549916
480874
701893
972098
266118
568300
364825
89974
92816
582581
647076
484742
574991
758757
492997
628962
582176
405032
288920
962778
194642
712360
887661
324503
332937
983838
454999
423861
522836
758450
712734
142528
969340
444336
75721
685145
76439
15280
822914
772290
905341
597527
254620
855469
398602
801523
79982
161435
679088
485653
168148
301440
979290
536927
410833
930671
289759
747269
694710
236219
211144
736665
867274
344924
448120
731942
992592
529402
71885
340607
676100
548640
823995
116624
649340
468767
525953
639110
845182
918724
513841
310149
39472
118536
989400
730927
182240
141642
557835
94212
656112
75110
155299
644194
164967
219326
751977
782159
175169
382368
552452
724801
614126
835834
132844
521551
733265
790997
732599
802764
294070
550424
233208
882959
77489
139352
246481
793446
318024
82635
826532
519279
514895
592582
790436
494105
168599
85598
68963
6531
741832
102518
392039
810385
640701
619577
402841
700413
145182
530396
519022
602158
878772
8532
553816
698354
549361
516854
258347
188702
123882
852476
445796
544523
138259
891467
568465
594964
816112
163688
204782
274763
296
68684
223114
33891
418181
424591
427438
785102
590334
61815
652176
494069
279860
73175
621390
289499
855981
308638
515373
460094
483154
738822
886514
456561
896060
651583
999730
484231
283362
577272
720888
50161
312309
530812
331764
665864
463133
428057
538035
374627
861122
100048
87031
893859
83702
974139
689471
491712
985405
878049
782983
703078
850887
373859
285119
854101
462194
42985
422884
596318
743794
816031
999422
641081
69193
870890
58362
652869
924339
189948
772497
570760
701736
349557
110995
842308
209078
213543
752672
235863
202862
703624
638293
934891
200910
291399
300182
805404
226826
163186
684432
567978
60046
980785
196391
275119
949497
735776
104265
593700
824415
964271
94966
479691
758609
984961
869015
239425
27317
231956
843812
920145
755996
258898
628587
272791
340210
913966
453033
575696
373037
305517
361274
777407
96213
48882
569735
537365
612968
292133
658168
903946
125240
929905
660396
295124
126141
589589
177872
771254
184554
788866
117840
612684
717010
596589
796988
780017
163574
180889
633244
275411
828973
24264
849133
69574
520478
381474
382425
951286
84328
175626
950342
894758
192919
274167
414402
680484
725926
504540
183365
996786
765673
502115
645713
56162
325580
271927
245968
97812
187350
87184
654405
159345
520605
955192
768603
11643
74540
306432
993076
588726
785771
526053
186835
168403
715315
25445
519656
238763
879476
792207
616272
736626
86751
597095
520134
163516
750046
941238
877660
271795
893062
778660
590354
679714
726529
372439
926210
533283
85279
127644
27831
161940
571094
209036
989677
166797
456595
536758
377219
522756
121522
124715
405670
953793
669113
715159
465228
451897
402882
137825
415650
251273
758989
641183
472899
859922
200816
488786
3639
340540
59244
516754
387882
32105
559651
357788
426115
431237
146348
486870
317375
729103
914802
118777
557919
428930
351025
501237
962195
360867
786537
407146
763668
128645
605221
549464
55897
610153
857567
765110
248808
328534
810261
921748
689091
984331
285274
354636
77971
633664
59168
684109
290431
218928
673711
334737
734610
698559
567600
329497
627778
41332
310943
242444
909911
29567
896099
629040
119703
153369
141795
445431
416748
126637
695441
520121
453707
481436
105632
440866
327043
789995
258174
925384
394008
864701
177995
415378
257267
401132
773472
65741
470699
966631
566961
120885
152291
155667
148750
459919
376512
266658
29144
340184
659428
324283
494711
155429
358058
331568
649799
370572
900556
516226
360842
790521
49668
338579
404675
830638
612522
445122
222028
253410
935693
315410
256418
353217
611683
885005
690954
808701
799940
336494
108632
412459
927578
538892
955063
806386
645931
541302
247797
508742
949639
827504
236200
153431
359829
718808
160159
299101
352375
22510
57257
447972
879518
872319
389521
399456
110707
771712
25507
518556
456925
406446
568150
314922
636610
278699
59508
924185
412290
901726
414295
907105
736315
795741
340959
806266
31048
48233
526707
479137
536931
799646
46887
924000
416399
465783
809184
762417
101747
56069
595251
241937
329562
75889
16683
503612
154944
573541
125526
758286
745892
526012
285576
947442
838716
275343
402862
871801
603067
827528
246496
484193
696310
35064
330337
410156
632618
983535
698947
642313
898648
356919
992037
610121
401104
266588
336252
235782
321116
824118
548933
736675
191221
685638
99666
924557
747836
480449
688804
273897
942494
541758
484351
285865
97730
856122
58815
753838
12237
522054
720528
289193
335634
208080
338059
947421
88342
703451
175457
779601
211066
380136
397177
859451
368473
971500
26246
503214
917635
152304
307740
850831
934975
958513
849785
626088
461662
898005
14798
428015
242637
328943
454622
792739
812591
304003
368491
410364
262010
961267
872979
82749
31221
917990
245134
243086
103152
319689
235834
250467
693367
495270
22025
919266
506319
706978
216037
329366
238579
2673
649402
758381
825791
164765
419525
515192
707742
754643
940035
795260
930473
635463
383660
19104
981550
242
638600
81247
826602
803939
71146
778433
275496
482897
777922
990215
482742
575396
395486
74801
200367
319621
298487
584487
538878
10894
497623
617743
233162
558843
723512
215986
43971
946887
907744
574268
758151
279790
303426
693129
311160
202077
859762
993637
699663
945857
743822
591101
156452
909619
25126
934804
757357
184503
712568
38746
898784
669378
741932
330913
611318
818732
445384
500489
143212
589626
689500
812855
394455
762858
584271
646400
300884
363697
753710
12370
296177
930869
554565
58035
554298
667765
801516
781695
2956
458565
983454
896497
338263
691992
986242
347598
892415
25158
840884
427194
885493
396490
32708
679638
644507
969054
164251
37038
721121
11500
686694
937533
858401
343538
455710
879223
158266
763720
299848
514361
984911
92172
988174
328915
270065
950246
277897
268347
402238
629076
594920
881819
937728
426047
616020
615393
666581
665676
600669
504289
612843
757109
245615
677012
386837
949253
623392
123698
598553
319357
545354
246131
345019
566438
142211
785140
293316
578253
512824
949863
729155
149156
957496
678862
514031
182430
63545
867747
993700
544903
158516
88844
199537
831469
637491
106718
591024
396523
280887
547920
430715
354155
451168
658685
897829
144669
703215
201250
136604
213104
561011
806538
960013
429212
907727
857732
307812
172710
792028
768102
404172
250892
706564
48883
930053
943059
298076
369460
78081
339422
523866
527216
785504
946863
882719
100548
256929
725296
651050
935877
792164
291879
622836
449029
36619
38873
414887
484781
52495
243444
122058
941192
192129
396032
583843
409999
564861
38991
328707
546753
335043
506982
257950
866575
151538
388777
216101
124605
372091
631742
237521
688338
396770
987653
605270
734004
407379
862673
638661
876399
818447
295351
162654
140845
677560
788161
29877
126663
699141
489793
12147
385062
152123
565209
298413
818014
684285
590538
163075
109297
456759
15310
320987
19623
619982
86290
381853
950873
279965
876515
396355
137089
911591
680635
498059
311383
118207
181516
805103
607929
340418
757904
273023
391609
91998
215328
470315
698291
919558
204300
781796
144953
611462
293841
634753
230301
631053
777301
224847
937667
260553
691674
400751
911796
320504
741478
373318
730781
633164
92643
894490
761539
965821
486507
501567
73413
632681
92174
200834
755004
754806
81317
473146
164731
920215
390461
221995
376560
807474
699214
28744
36026
476620
981655
377917
84550
149870
566057
189486
73771
961632
337873
374049
926253
155376
253841
70878
882781
380961
611783
75970
382043
608120
794297
182727
640667
406620
140329
759998
594834
967534
64127
324717
853026
793000
43141
185985
593250
800103
491245
490494
552938
86618
224266
612713
481176
316783
319
623055
240160
883455
532302
577251
852933
355399
369478
247954
264668
82155
531657
830036
183908
643328
604003
726279
536276
804019
45965
865447
610226
890445
891484
933005
659338
59994
447936
839699
512995
379864
111136
875369
936245
76244
773392
896140
517915
818346
971094
362367
401171
198616
408396
670702
15346
975728
994094
900488
435410
248947
16556
977560
961309
712449
495316
274050
495808
463807
477501
803236
417343
546071
448665
409352
393157
241918
82768
987784
926637
641991
360704
502216
545351
817177
562072
676053
140269
861057
922103
552520
465065
146130
332462
544883
218642
498704
734479
762447
613308
73092
949550
575888
403865
801115
928671
481561
411675
913101
985285
69462
236612
707002
777213
556159
804083
290865
633621
2613
871389
748335
36414
78217
875105
683369
678297
69743
250020
783018
644875
962186
828586
312545
802402
266500
145109
620531
311262
276264
564408
446467
152118
378476
844585
548594
893131
635183
329141
26870
978429
373623
379804
890948
474764
190459
490853
156319
458759
167388
52734
848819
252647
936534
898713
118587
635337
134771
848682
54029
300564
339379
825287
455893
48989
486673
751290
460215
504815
83105
591694
846838
793487
554140
240510
66353
547145
612981
710518
710694
534196
667849
8680
350535
76524
288374
638783
452137
147056
4900
986725
280125
843189
406927
564989
289525
528800
684663
990094
236690
926615
237349
658179
338407
565640
731229
616934
952517
837229
575535
89444
908187
937047
666189
582889
789339
219481
812487
553998
210285
741494
388436
900196
313928
641923
607664
396603
460209
938397
922249
124081
738921
122672
788107
486996
958585
531840
358235
940829
874075
854784
830199
298218
126878
21835
675066
994098
701762
708358
570141
21143
823350
52024
262697
506319
333797
275448
943842
622593
77455
866711
257502
965405
682602
532066
621831
283835
903995
129265
888805
46249
189219
32768
731084
848477
822512
369184
451188
465478
2896
104494
83330
839971
595404
881510
567568
194237
862116
567641
488368
349014
309070
163790
46132
542905
904742
84280
552219
148990
177025
463486
286062
728499
659244
446851
555661
198660
952760
862120
248817
405086
439288
192709
422642
472863
324991
929824
834826
144869
357522
398851
610329
904151
392786
678444
848447
439004
513379
999031
455605
296795
185558
757201
131641
344984
67866
264436
432253
764252
263934
892993
927569
287658
789233
84810
669461
785707
953383
392675
894003
449313
344162
124558
460948
673601
797825
822789
125758
84989
37783
881247
227250
281620
430569
112103
747798
295276
272415
561059
48178
70309
906170
353522
579540
618308
117787
960934
565703
16624
46989
49276
863467
841659
510214
231625
361530
110948
79631
437680
44285
121717
897577
265299
574093
970797
146359
332586
45622
806013
399101
518239
62071
855347
846580
691911
717860
292229
325721
801354
222691
426382
145479
638685
352640
804498
758308
206692
114975
196719
197511
561147
60947
458147
553877
172472
823511
667157
190637
608690
400994
615623
7307
16262
479464
353947
248655
603395
437520
698723
330286
786927
977363
468668
77728
611629
671203
310805
748545
932185
757178
271638
432180
498548
38163
937000
527960
616607
167492
492061
568151
952210
502808
504101
337886
342228
462445
849665
840009
867478
460827
930883
994507
888022
337739
536244
422303
564342
505563
970286
971951
241980
531041
387800
811177
740184
10589
561846
873025
314723
574182
451030
96921
71146
538286
757322
509313
682426
36610
502875
158865
214455
282353
502920
891979
497426
297649
663735
566763
290208
322948
629086
186159
16117
867847
666867
656947
896910
917226
263702
899819
571393
220476
694229
449816
271305
866802
383664
314681
725901
167408
798767
451991
16597
246731
368345
625773
571748
139255
408253
34649
236276
895860
139979
360017
202885
336306
371214
421729
281824
579136
750104
715017
450179
917298
276504
489474
182560
978010
971160
307538
581806
778156
865612
860112
945178
51740
110510
567472
242827
81600
885084
598672
382568
122563
695955
649017
321674
503004
733803
25656
138329
350627
394918
227991
210824
49636
298176
505806
931526
569605
52275
723597
265128
930740
64768
295402
625438
376600
516335
991600
802642
867519
230785
599654
311201
393472
664148
738519
173480
926823
973848
617180
979757
249389
892831
236829
463682
904530
437708
536606
471882
162766
332120
853022
852802
220117
351966
77667
980285
582929
766698
958129
719676
753347
544992
352612
408271
696448
313472
499285
437039
729422
859617
763189
955370
371974
939670
628323
138001
413058
77362
780739
551452
896678
39716
557118
179868
955780
714924
977493
845916
901603
188300
549972
898600
491371
659633
537535
837733
797948
279320
956640
328431
953714
832536
23187
373007
540977
176664
809801
551865
63872
649060
733741
584787
796307
198052
577430
328429
472191
864737
992825
455684
884504
949204
213867
80404
154475
367884
845264
856078
621229
702182
813720
406173
214536
117906
693140
600216
577931
20834
545793
889710
847866
826605
481380
129879
527076
517557
182087
294434
119491
383318
210640
415975
908198
269121
165196
616739
173599
490976
319663
922285
404895
387380
161299
413937
366731
593974
231185
956899
549315
448260
32108
644915
412813
803274
159021
801327
840887
672232
910897
92139
544087
389331
770983
381240
220667
318809
768277
916781
899789
568576
206360
936462
212912
753834
887456
192427
276663
757950
946042
110917
514769
433161
450989
294330
474016
607980
863936
330580
200421
907081
100418
58283
874959
326389
248771
724893
119241
505252
527136
246918
669732
742010
761095
416348
156211
116433
467373
262843
798297
882629
945893
208139
467520
172588
404620
447089
898489
704448
721518
942170
471523
406265
625456
985491
994067
703422
331222
721214
178275
31444
480954
635575
682822
117627
222227
323375
769592
799590
794051
233275
338294
836989
435347
695426
191010
303515
115206
365392
467278
35245
103645
508795
634129
469165
286586
19789
3698
584796
171289
937976
888092
741497
329920
666861
43300
822818
38833
514435
307894
192298
767445
487816
207882
103087
564982
309085
499259
791615
218766
247610
466010
385777
935681
590438
970573
993930
72369
818391
909993
731345
18630
966031
926899
198207
574517
234119
270060
374247
796019
441112
864950
379302
230812
853036
608642
882477
793357
453816
441508
846046
441058
411273
257215
273607
714405
117037
943994
768866
460299
670774
982989
31180
295803
979905
900056
963626
232129
71039
794396
378217
745641
365590
7424
903536
429179
320380
276386
738964
166470
965150
829834
415913
389365
60242
535277
896848
425007
928987
593585
110654
95665
121884
659170
469937
845674
874509
468804
736956
763671
948502
242681
497710
88053
77927
918830
741926
796852
711552
329510
225465
582681
685605
748185
812506
853545
501613
770099
674740
220961
362932
258466
886410
710390
709528
112477
863669
246516
439138
523247
734383
285077
242291
727195
367752
787058
181604
13250
616616
576826
802433
768091
169638
869135
727277
679269
873648
605659
917348
944061
88914
471462
871409
262991
961220
332248
164740
219874
887656
832486
390777
470836
150141
207069
525013
442809
708186
786861
493731
629626
277746
764152
678157
474926
124608
550907
268168
312599
923415
351628
487503
589132
907395
776711
718614
507454
33222
737776
418724
12453
25329
542799
197123
190988
350913
425528
953208
313893
4568
393210
369539
925687
262090
670843
75528
854443
62785
793541
258647
848132
936466
179750
336871
58093
80270
529762
873891
614117
900257
597055
111537
490039
273864
556183
127441
847769
708914
31678
779341
207500
747472
265175
88283
128944
916690
966593
189060
816981
177296
521837
418179
869922
441004
958902
975019
349309
623217
912287
951661
228788
830826
236656
536796
133324
366249
613777
114429
676581
534651
916398
445754
584820
304394
367079
967267
323154
564896
697371
388715
46642
947353
643504
171328
883632
616771
995314
794505
747710
734802
313741
320932
779938
202094
590640
609998
902066
154180
156155
797334
542041
684687
442532
680159
236280
109988
454466
804670
273853
698223
900297
519203
227350
60077
279003
374446
188265
636421
485066
424511
422895
180363
463834
608179
936754
19161
670743
22723
652920
204542
677341
93354
521479
811872
895798
323270
394935
9327
390329
269798
395086
747759
103675
726420
776778
180628
644151
515165
664304
135519
997202
386654
880830
818686
970598
665285
828967
407973
479484
988343
128143
615729
637608
473849
57718
541147
401230
51489
721086
309631
923239
25688
199589
330000
706014
527250
862521
379646
292236
597085
578012
894151
988181
135805
128672
310995
236664
914726
193274
579563
203788
381277
716752
958848
853598
950512
167390
323197
281627
533914
769624
228724
412653
504855
956282
714076
964033
288615
559520
541239
932133
231444
812645
283617
55892
836985
308253
685388
51206
853073
718971
377436
472293
150559
555497
298311
627328
824223
384020
419821
413220
328840
521004
119641
547294
977951
150993
759426
483958
841441
992955
225089
144062
398660
676666
764213
229478
384003
309886
652822
364484
296728
145299
354772
281959
868415
929472
549080
244474
542922
604684
501651
348909
49622
886379
758080
170811
845996
222415
91891
530843
940011
294221
49365
706369
755141
914981
504542
152477
302555
655096
402950
987704
478082
536174
395115
333263
141721
626189
871926
657101
948629
840083
23572
7668
318747
589199
370501
345460
2440
584707
898485
346758
404083
535425
93455
366393
68399
545577
934609
932610
911701
184110
836100
369664
799741
269277
338901
585006
409383
305509
557094
938605
963866
355738
879746
14717
190722
976735
532203
314083
549449
821463
835468
115666
987019
584716
135973
463941
304944
379167
164019
234372
433652
896257
368735
571721
985013
957776
746853
700202
200555
581189
236647
655380
219417
85278
804379
328096
975087
500391
825712
34339
935816
251176
225490
364718
950656
320615
236171
360179
406676
887451
284753
304197
731558
122641
722826
872649
296894
628426
562679
922581
626473
374877
157150
647441
82652
90193
718019
203292
669241
705727
943934
460313
210076
334844
630976
900145
163210
944989
11549
3375
504893
420465
733245
72224
171115
172205
318073
570804
71921
543803
115931
117001
317748
883244
547751
536927
138708
300283
93971
479366
377214
118871
655607
933930
611438
589683
447151
708743
783463
719910
162024
682718
994130
547578
698740
860228
352189
84511
63931
333461
307101
850757
668234
140181
418118
325112
197068
237277
399717
81864
600771
908451
775031
117032
266949
221566
95190
839470
972241
614723
866694
504607
156493
632338
136156
500611
215774
252580
980691
531908
136903
716579
227722
789950
691565
558537
590595
495371
594673
30064
304855
469241
23004
817197
152722
870592
836077
688964
616556
934201
418162
145443
202616
445921
603395
888366
29316
995619
984914
179993
381818
774476
101294
184653
448444
497635
650253
151452
715430
848466
889268
714280
529253
757507
985239
876843
114685
760543
976387
432897
462977
518283
137707
956452
337121
227182
130316
445211
890235
927787
583832
754660
981305
355758
767591
19030
803957
873553
56394
813107
37442
149420
520787
782171
768292
666740
61563
776147
496328
890195
628449
355210
246324
277532
606184
442184
604397
33752
890873
172185
567600
563159
723017
838188
90947
196117
353701
302224
957056
177882
597283
140307
500939
133120
985570
771614
982367
947148
272396
32416
389754
457761
285445
708183
911936
49130
670495
530293
726637
501962
367510
257157
491950
665486
864625
700840
331553
407592
178811
414371
347868
877797
358329
2677
637147
486427
68854
709970
445310
834851
727154
56660
429967
478475
765773
189516
675438
702767
754641
567277
156807
857091
312853
812055
840904
182733
40040
467242
661201
839701
71697
248231
806847
164232
401792
838817
555167
328735
545141
627830
761695
926905
592487
807102
116138
773477
467032
564753
516176
704503
908298
195214
169077
344125
744589
61595
267436
744998
960455
620987
779158
838850
410666
83038
762211
312914
94517
318362
349769
610755
895151
214213
76166
274386
139080
116101
275715
952957
903828
798851
326688
694534
791967
516496
832653
425003
655935
812342
632668
687832
416841
971595
732133
994511
156411
337974
372844
942997
387198
401681
16178
735580
659540
549104
465829
795461
380108
269376
828613
563071
573056
594486
371322
882518
462931
855387
486764
52222
16807
351755
135555
113329
479911
40628
110645
983833
291944
420021
994700
402943
778091
974543
243200
423460
32761
650068
793331
640324
588397
570708
158020
709190
310844
31309
73239
350904
679992
165357
189558
598463
268512
726806
299346
33923
531059
967226
41366
312632
293171
577028
817059
97661
214764
623394
863451
766808
712195
858227
814964
15683
31908
792756
656027
789770
538533
251050
535462
642646
386459
289383
340795
891998
313314
323428
524275
357577
838614
895305
730682
558962
250148
830926
159012
350954
272266
988124
466170
856737
479926
623137
287785
220296
131666
648922
513088
546681
993710
941486
371486
393304
757941
426040
56547
153390
944783
544906
208500
731638
148459
745476
500700
914604
448477
279304
633405
658421
555575
178009
886632
833589
52227
340212
630391
590842
17004
603628
868967
677063
727415
33036
170098
977872
273778
1973
702070
477650
904047
380536
225998
411248
644196
316344
100366
553801
330715
221621
818022
362488
152597
847660
852606
478712
705206
308978
783911
975978
695302
632619
5954
980900
828562
796910
60916
739659
882116
851391
228631
623858
300180
288270
850650
772847
514941
218467
924574
417177
88886
682045
73591
437309
472245
901062
4385
827551
918273
543369
216365
233904
110831
921526
786179
444841
76115
19745
594504
649756
605938
426311
593896
563450
26309
911713
29567
809720
442343
886130
702223
542734
598014
178824
168313
692981
915330
111601
141574
333830
389433
933969
663337
425147
981911
139404
423218
666752
693851
880027
132005
951704
384850
697271
739979
868092
27261
428613
561432
918019
428710
636698
384966
780808
861475
826078
920450
169441
544962
926526
812723
291617
85187
622703
992399
909649
157723
662309
637097
328786
357926
388275
204341
293066
763384
715875
360757
48373
786493
721594
189920
806595
337787
767591
57031
120716
410364
955104
900476
777087
744566
915170
370619
801963
838509
432634
466171
142788
995982
819210
67138
140189
451966
891045
325222
759974
466871
280907
784408
139344
561652
801713
541543
253721
439175
62217
635552
92675
890693
852811
173171
779940
239185
292896
374484
372935
498834
630485
882405
976977
748307
622859
950032
651984
876505
642373
768304
92956
142651
835311
822045
474540
434119
358135
373103
385434
38935
284619
888911
173242
85757
39402
468943
53701
288011
353684
732823
362031
511800
348015
815172
124991
777884
703192
773945
598467
601768
382319
715150
263582
907289
942483
410462
953271
222004
467916
428744
495813
893049
351659
385830
639571
376294
63895
675373
629905
154703
810905
213424
123905
107753
317787
761929
278799
964537
260785
122327
317897
826392
374269
766157
512620
540636
393048
672587
399955
979980
277063
123680
991782
363835
668549
478295
186134
919770
609639
161942
139947
436506
705151
52696
549430
183203
850431
583718
183262
123384
100711
117921
835078
482316
783073
388200
809208
938563
868291
51897
384318
32071
582947
717190
870198
393400
985798
614589
793182
210913
400710
292987
339886
218130
940165
496624
684827
720274
355010
950694
988268
165800
182057
668622
237730
564116
667097
847404
883206
379450
130091
60272
225351
908023
639526
31911
830561
94751
917883
802915
610051
281152
138154
922992
605202
91241
788868
853814
856066
662975
926706
338633
838536
538104
583457
700850
883515
662758
536066
752354
421869
937301
92342
253304
453741
729900
213747
261226
963690
988551
440677
719181
63716
153348
504158
151151
306404
313367
697318
541192
545600
656871
640276
112443
724657
266060
404523
464546
108481
617996
66444
20035
818959
795792
961717
987867
558517
944216
764385
395632
929298
109591
317866
801894
299142
518
482925
244819
783101
440024
375517
220121
698291
501268
98310
57904
746101
109026
297881
498157
192
467333
641678
488323
366209
160312
302936
143590
336534
26879
876460
58277
426450
223856
435959
915319
650066
900051
755296
150002
402495
461691
909672
519030
890357
192765
266038
503018
473153
319768
474080
685825
556771
640975
748126
74609
313203
543185
754845
828096
968384
668510
74412
503433
656296
945817
800832
951239
857499
229603
508144
740939
262383
559895
968945
450410
178112
837652
38664
929750
267496
35139
155872
114444
472246
454678
121030
913911
957161
585038
449247
769681
841965
708774
256923
468919
222847
230768
819513
225362
599155
400250
887478
526745
935961
629407
976947
298843
616712
852929
728820
438
76486
44397
610816
841345
654620
535918
889413
674758
596848
401209
796368
230727
329380
640907
466159
159308
917617
381917
413113
437923
786935
357303
178946
101396
694675
790321
82898
432840
103619
878858
532518
509285
244373
101809
392679
418964
542145
487066
825241
837834
924690
244674
12051
203090
191242
744857
119093
334843
105893
271161
909696
189873
488693
351746
661132
311763
203506
264467
329258
50795
880643
606451
278025
659569
78484
493649
742695
852533
216561
538900
306232
732308
745243
796971
418361
730686
905775
78329
807186
462999
509907
676556
2467
389222
179594
529802
848170
416092
469647
890497
353330
476643
522011
296607
379031
855348
641053
294305
110756
866816
673752
108683
392949
752794
409494
387121
300508
265671
962812
929665
989454
666620
801531
870786
502856
395031
302677
965655
175728
684899
270558
812016
146157
793503
474272
296570
346159
36318
204155
697188
6664
12768
875155
859923
925507
531229
657976
491867
726611
302070
354251
793292
789855
311908
863374
360173
204338
428590
918112
964688
31340
255433
315527
121641
642617
782023
747412
478213
480712
968249
422934
88038
98284
440886
650059
411002
120859
321641
965901
181714
58236
929005
831155
822407
13093
232462
224137
747255
28023
516077
106333
106773
418762
234883
479931
767405
229984
776616
826515
276828
726265
371544
71639
256395
572574
87027
230769
620941
883900
952474
759202
516356
227040
538825
531852
705812
177062
314262
406894
293133
99297
208805
107252
168824
545257
553353
503844
923723
872516
138668
405558
827788
62659
929730
16278
991115
163366
964145
141081
721596
240025
58422
434895
469123
324540
859442
658482
891966
223079
15656
156976
155063
318065
949681
474087
131566
200008
738638
761125
863394
237070
687885
109453
529683
772887
919712
909853
664988
246225
34434
922855
131433
305658
138756
786353
107086
782604
713656
917391
669268
631681
717188
281516
416790
10557
401271
312143
509093
238115
134368
435925
469092
254583
226049
661066
481384
260786
828972
251341
63965
647017
590138
36211
392984
707506
997468
662307
727784
645401
548540
52185
957654
282765
609217
968964
239789
490800
409956
996943
632571
971695
470924
760667
859757
419874
586247
908031
12373
661427
646744
914810
165144
791416
904582
431722
274471
732061
781378
160052
359144
318680
203199
281569
944540
347284
499560
188651
272141
674655
939046
784736
59121
763354
96830
414971
196815
591680
971459
271768
689037
210578
920820
882774
517012
117560
917458
942898
670466
445108
62477
290371
761537
619921
929747
872679
705959
464487
914199
638673
614840
436716
571797
532893
871149
307132
856942
478224
51852
822185
528712
320561
889659
32783
411930
342999
353838
5623
75354
252227
674545
153916
404923
855148
533120
204157
511237
711216
963457
88137
834337
62217
492558
668207
226300
737903
736447
533500
289543
510984
342423
134771
223016
598794
756777
539179
720680
735511
769574
194599
861717
736209
197168
264247
598375
737425
957096
597751
594972
280247
705429
624076
780027
917866
239517
313481
183056
213526
579358
534150
910564
846820
401987
126560
128014
317689
24809
344712
183136
770209
944672
163223
143285
713028
996885
597561
23122
474266
844373
536647
192779
393331
899526
778501
4972
209511
415264
605378
252798
706886
942438
558227
844333
27074
65238
54492
243371
827949
824980
733152
644307
177223
430931
969543
545878
475664
701699
799071
456797
610468
111993
874057
55241
404995
432810
932475
597995
738137
284171
423532
756626
57710
921760
183367
341240
562091
344786
565767
750854
7855
170659
128098
396986
993952
480041
364255
321912
389501
22113
334640
348641
606648
246727
444672
693549
256674
534389
747153
233906
504994
185132
262365
358625
101349
744443
175077
997825
642316
29892
100137
742964
606828
246539
990947
221061
450400
524503
726815
462861
794403
610265
31854
202371
519293
975187
486343
337293
367249
943213
838862
578345
931562
503421
458199
294523
115086
111408
818376
340984
252906
946356
249994
328473
848045
122097
349310
23168
222459
774265
358070
979722
802940
600391
645639
320586
482774
44851
876684
31372
685848
597867
995659
445891
571262
991136
813853
670416
483059
68334
32363
838462
548885
276551
619414
921087
396855
974383
942993
587706
611043
283535
996247
859803
953293
342075
829545
300938
343094
366027
213321
681688
275066
177379
248137
714173
536239
579130
801844
170190
911975
781066
136513
305296
292195
53597
59372
819013
403019
905080
504310
617307
846809
362198
39793
767908
936646
449757
722493
563986
208898
562868
119527
761809
56831
878993
920340
808270
443161
385491
864314
777531
188854
613609
717936
101060
479533
381003
888893
199789
109192
199502
458146
373756
472950
147434
606695
510090
23982
714831
893722
958412
122804
433100
277604
993175
93778
666469
158241
675275
353106
945569
113596
34971
758248
429548
401858
470321
19608
789113
936610
909723
330139
8304
959014
38561
552597
97849
955254
8021
943454
807900
945263
844458
225846
398289
104441
559346
474663
955318
598162
474932
586364
883642
251420
675953
558997
515471
200091
598235
65637
925068
833515
49992
518746
88142
870883
350491
32848
124176
771462
475136
321971
259016
465778
972962
641214
551305
686462
288505
588047
619491
482475
65615
809209
328328
713761
591252
973552
674952
987350
915588
322916
667615
310827
62546
727626
387307
491433
424022
969286
872761
913101
820946
371623
918314
77219
433807
337205
715830
113383
282547
980801
538360
277345
716501
261495
944314
177020
886360
898313
125928
706601
426531
548262
268640
865748
918401
670585
540919
103131
814959
79641
70216
145447
393564
460262
564705
84307
995686
446088
403249
963934
862765
817297
569477
999566
52348
917025
685926
907858
913540
568407
16934
508741
408036
273504
967888
242534
431406
479878
17730
370511
290312
230310
277047
769539
779236
272103
327522
207135
821050
539695
798045
522737
966752
622740
735359
854093
429982
586839
70393
246070
53038
255900
437838
59329
418524
51085
429232
389669
551243
702875
744556
27806
189034
593963
196052
134995
801268
482937
553290
809149
116676
469732
869647
393847
173783
795317
102220
70862
312120
753791
794988
554054
772939
699585
37123
523878
722125
998698
851305
298641
943324
412417
682829
663147
365325
916457
712473
979068
819315
79220
724015
232459
325725
578088
819753
512986
268629
547741
847581
112484
272171
672891
860290
166714
125233
596056
414232
514512
456062
448180
305354
75830
695072
389415
724967
111424
760311
337740
804458
238151
632831
128234
472942
409009
494941
143956
752462
302569
562162
173537
59326
726187
304533
610442
996272
141598
255834
349418
507744
705155
692382
345313
302720
146982
356356
538852
911323
535218
32346
355154
20401
573510
358455
357858
555804
722500
202623
667711
154784
260032
512442
897437
46048
424277
480739
256801
855752
855320
361062
746513
359032
199394
172219
754927
573512
17382
489475
529707
345004
33947
914969
737068
542554
923632
280206
576830
870778
955083
410493
825201
53528
974104
347108
947994
699370
38159
287525
465475
891656
57487
798343
151642
953603
557184
335551
252172
918551
662252
969259
375486
915029
576366
706613
900711
206720
171826
389007
264307
912160
439957
949287
258595
201705
973138
658378
292805
272177
70036
53578
429152
493943
839018
637401
573846
61350
739212
216998
75273
224468
28005
982460
744024
103526
761833
699876
615233
137857
692594
316879
272210
70494
574499
210459
220614
210529
847118
811113
426004
661181
6837
232700
460089
930268
184338
256649
130273
958597
622929
939305
621209
157875
590550
196453
713337
815783
703969
933810
531049
429123
378850
33267
60108
334790
135436
151248
476712
270911
426383
928983
607572
532088
372684
653763
561982
926653
24888
90871
726400
431372
148421
255033
842385
141679
992989
552595
129611
667279
571557
320785
519847
28421
696087
91798
484518
469663
912094
657332
309323
574101
198985
917948
639906
855037
551749
762717
891118
596562
441441
821963
424649
333442
349688
433375
158423
477117
220237
231671
215008
235879
974170
210924
72773
656490
362769
471341
337266
229887
107058
565478
913139
655856
780588
643784
258497
165147
492118
817218
670683
970765
29545
271546
960138
404160
322838
310516
149606
504249
865362
468093
383402
848001
63757
197663
18705
469017
976078
431654
482915
313315
424611
931041
441310
301943
489399
429669
871716
552590
607343
764350
370510
724853
180561
40472
99331
843813
914581
821220
510001
922760
945261
189506
339002
263668
849108
337292
627463
399254
945386
655925
966695
512030
608090
837864
884297
151335
728175
724142
975503
572002
388355
594609
695835
178874
562882
502505
506862
817389
652125
877398
494701
803529
935923
966236
182028
427345
481174
55428
359831
79359
549406
439779
32571
269604
359547
6251
174075
736443
422563
784835
450676
71198
163055
805537
517882
291944
138983
422891
576455
383636
700335
272230
467943
584197
397984
622081
638259
319901
675847
560030
593617
18259
632769
576589
63165
220031
162623
486957
872137
462561
917603
452130
915139
397343
935910
553549
546350
404567
458232
363492
273614
435503
942697
936928
74565
39818
658327
132236
751061
230727
636199
478136
232905
22989
966602
930082
672329
914984
199768
778539
293213
643846
112277
724818
143021
630363
464670
845341
937809
900021
239360
880350
468485
688372
777402
669034
885577
568136
732279
649544
677888
848011
340748
215854
995705
486451
694015
495231
291593
58037
821865
102640
533292
361895
355657
809932
659132
244314
252753
386323
51569
459559
882576
231991
408088
300734
36568
305056
350244
175517
312074
512574
737091
826756
661740
785846
51668
506089
780662
203303
176434
849119
15287
514121
248179
335210
344783
811634
31
418899
644674
579697
164609
356031
479159
432922
353202
471834
604109
664423
923618
828956
875374
211821
658479
268434
413382
87162
118094
91687
33018
793939
603827
283262
943798
903737
694174
442011
420365
243623
833390
727554
690609
23445
693702
783102
920256
388109
326048
824401
527268
262513
358705
944677
620642
262819
241478
72127
707383
243688
873410
627078
661612
654056
291057
853616
999994
736723
39399
372363
769548
383471
925861
626327
335012
112698
782683
488456
573964
670191
748422
195127
459743
368682
599888
689502
673264
526153
573737
560242
770077
207069
217166
600880
956805
85665
335958
602702
383073
722067
439467
235430
234179
468273
855798
591263
631259
800294
216481
722352
401544
978200
245840
880713
133456
717405
9817
131293
359357
623756
818924
323490
101886
317366
291318
281101
7932
916539
575178
124167
412028
310689
573717
76809
622751
841071
795944
290632
155379
70100
804192
766026
793715
79090
240541
75015
795600
183673
384281
479200
865063
472344
677643
541237
83377
741436
193059
763940
285338
588659
521086
544542
697908
443626
925450
489600
279461
928684
670690
698535
442761
14804
90871
723354
150018
850237
150994
805037
508720
167202
184890
460521
642585
407852
616302
663330
932956
705895
551346
651985
781083
830608
759626
757091
887588
792264
927545
80000
273847
475226
633481
717210
964401
656551
905723
257810
422545
470513
507471
339963
308716
114096
915951
643046
516060
594581
241462
834076
296208
228443
179686
585432
515244
573629
724420
846159
403101
417386
647884
181432
216338
288631
451716
644093
515053
383113
310455
343748
936859
587109
759929
130605
120580
806741
8607
978449
993740
336327
159330
638834
397010
51607
751259
987950
38785
995336
856262
866579
155731
336853
845364
99178
944169
902612
434
469370
925088
826135
237261
48882
31512
792651
414095
898151
376698
867851
656108
744310
213874
412125
807866
120767
420898
129676
365544
630070
404830
74883
378850
83491
215604
682586
322059
728599
869500
537846
448325
480809
575749
538816
922145
326853
922540
16074
471485
906367
327814
584566
472072
732510
35089
39513
252410
83196
688450
164089
593449
505780
268222
517550
887457
980605
271181
514017
306188
820010
861155
647416
892299
620022
371405
628742
829163
3344
500532
173682
644507
720131
500637
152568
982979
260729
916641
305849
140949
407628
224859
380667
382737
33069
737738
153964
697886
474538
992123
583333
860915
308227
212702
710559
792533
964280
652150
985021
684586
997897
556624
221360
947636
615608
938213
684409
204805
665700
427641
52995
17435
769921
607269
278069
104842
395748
310487
697528
443498
962057
2784
443651
595476
389464
662437
573241
963688
775146
450716
712534
112255
395373
818981
989603
285245
429579
113358
808886
122398
565525
196009
857619
167269
174942
650154
455365
526173
214885
951
931518
129655
493141
153585
377889
132390
932234
876371
77859
541152
716169
686886
755203
237412
801773
114968
581005
794589
31928
508855
26556
882019
64802
297456
797077
550392
52094
944477
970834
55942
864889
213129
147707
799114
642996
466857
260516
170439
915748
901980
778949
330712
670919
835303
32853
652034
394427
699574
947012
571741
485969
550347
69844
150388
720223
681679
929050
160866
428600
826969
625855
720392
453839
998416
92488
416129
281577
523350
79219
956427
200971
172106
283123
540862
246067
816486
25583
704319
971480
549164
566186
571179
110839
878316
579795
402045
316536
479214
489639
681776
931281
985583
471545
590364
716824
700219
783514
811398
400449
517924
940352
678488
737719
825144
290959
719603
759286
549048
557517
936173
544875
192529
474017
207615
204283
634954
488275
352186
99145
97336
683619
915546
577329
13894
802687
411263
532695
450165
418406
383521
57766
267015
410652
199016
14942
41147
187984
467174
89457
88096
44337
629954
9557
787071
680630
707441
70122
115001
243520
56114
260815
627240
424105
133119
688223
76325
326212
589517
583431
386483
809498
28018
633638
991834
867631
501948
85040
960281
35782
137635
950638
987142
568318
111498
223293
270914
26159
721824
198649
181317
413484
499187
27871
339900
52207
657733
717155
883705
307926
287700
143935
915852
30253
653936
44215
48503
667465
165888
264520
861679
598033
2503
307974
354273
894762
19338
714147
192138
655906
391200
993455
442899
729613
269027
765442
43876
553773
707304
306159
449245
595489
448569
6267
868298
806947
922041
462618
925085
313162
802617
329830
43495
483703
145667
556245
112028
721496
177837
279398
885292
616821
785157
373769
380602
754925
769431
351031
346275
353982
908495
486528
175815
286399
573958
449607
590335
478457
992005
30075
354859
671452
299124
236559
444806
944418
720733
485358
10824
380012
539354
417291
214911
41828
309085
494371
356537
425603
122305
525931
98413
863338
478446
555134
851400
741542
569905
18750
204457
158329
77677
327704
467008
411803
621111
635797
982370
718664
176319
43075
672096
647140
298949
574325
339645
666532
213503
590458
968819
814888
27924
294952
639979
643085
936930
342581
763645
81409
877603
553825
106590
488196
785950
655511
633260
531960
211773
9155
604508
728758
811656
906916
620468
723996
977177
390466
225002
232895
216380
252336
827106
684156
976843
936252
157384
575238
176277
795220
539270
828555
89550
731499
859976
609218
49444
250558
717574
355572
125867
757121
835391
366477
839044
838285
945047
14322
396084
751390
542411
233184
872570
760810
314514
25985
443952
681093
123663
620116
734094
388635
71608
582360
281557
917830
720312
113476
821523
89350
63729
631461
264196
749947
653816
949711
219584
627577
934005
57841
379956
325446
573472
654942
263986
196172
213873
324473
290085
579833
359736
171645
152694
345546
73782
236962
715944
21019
39179
189405
510888
769340
60779
487326
945988
339711
262605
38409
734672
130424
550386
529753
44896
666831
819967
919122
786839
45385
431440
553972
83449
294705
203737
749474
445910
363449
663651
866570
957152
107317
445372
884623
19143
307040
506375
213025
120959
286326
464635
286558
273096
533457
80530
17722
466397
852760
92430
70291
26139
545750
742425
37181
660241
277590
649229
22119
790718
466762
250084
731517
623925
390536
816728
75809
355589
768678
627389
399128
65362
726231
928437
18890
184605
855758
379667
234576
971663
306178
60052
792352
450258
566328
194104
26307
405360
510150
111927
892456
558804
926872
472063
710233
37821
336702
219842
577708
33317
74167
368735
631979
166460
114932
9926
475565
761591
207899
213338
397285
951603
286501
288482
651834
655993
727084
342500
30683
214998
866752
791019
619912
289661
76907
384060
893029
849127
939400
615131
850952
675067
761378
815467
237079
946429
88331
730866
875090
503551
62813
583406
724556
381567
738416
790202
537508
392517
680903
524491
626141
151373
253897
801189
40200
872187
126914
19405
886213
818202
266539
592946
702961
914132
199729
549355
998880
142278
358190
845317
47590
366603
484748
713819
134865
579150
960963
890027
602479
759839
772960
675780
993318
701396
368934
157298
738011
374797
794703
134753
504630
985565
436355
619086
654137
372553
475363
139974
476219
442927
977854
315668
141561
581020
874158
31416
180786
250890
528975
741680
231276
650111
181535
180158
228198
989386
346503
620367
32340
504223
198143
985584
586504
44925
740407
690167
520706
309508
970770
912792
189321
179305
333515
81603
279284
577704
79782
808134
559183
794891
447125
346115
212471
705946
406791
469855
361586
416619
712627
258214
159260
207906
589705
649199
699633
842333
700798
983505
479524
940989
216013
744616
895282
2841
308746
354099
904107
483898
320916
903699
771159
741632
567886
432422
754332
171096
862442
27776
202359
520001
469295
91445
953979
446500
866586
732861
922000
34886
685244
90245
951849
466798
428527
780176
640910
742304
938787
864457
452720
240668
694277
218074
890908
181309
477218
117538
759882
271867
748656
764801
362835
437974
512215
856015
109081
134395
12673
517389
141789
937452
640510
827879
187125
114669
967890
603747
866051
689826
573519
599016
925309
839530
612493
395366
42439
446974
206199
924352
940498
528961
499843
250131
642947
527563
826635
720443
666491
505266
423662
258268
228914
7268
997604
604227
388298
923476
570502
536259
694342
38922
806544
19655
496300
723886
1837
269588
956678
791410
970903
728981
592981
946544
182176
406345
480198
589536
526789
650754
69027
105777
48853
719694
873853
450018
988926
160191
731863
745176
154157
860118
586424
918693
942445
400192
350053
359570
972499
723718
952764
52072
359118
354882
868840
645448
22895
135276
78398
487107
543620
405690
733182
939201
705619
225886
819956
705931
697207
470389
860559
923809
631748
301516
575836
792008
87649
321713
350783
531451
993083
499920
642565
6419
658180
717298
505742
951075
387898
902883
657334
827877
592452
977849
624933
261875
406425
618666
427380
383790
622809
734325
804177
262431
990997
3205
938149
380697
852032
761094
171615
761555
91432
309716
700624
111813
540910
631628
39154
381485
426228
102592
598370
386874
778014
629984
449094
344217
487845
945118
897225
115944
276921
964796
68588
196016
91592
405869
874451
524468
613458
70554
59376
725524
880909
155632
33358
757572
277675
292141
99987
168570
722632
129019
148868
665119
585029
844417
354609
639635
351236
33516
671260
243306
392676
850877
603354
819446
341740
957243
658912
76362
507727
670741
405880
401677
842297
828212
4492
363348
779080
896912
733783
939069
313520
75381
552084
5526
239023
34579
543135
382066
124224
122649
822073
550831
980611
767417
274251
895110
389997
928690
450541
908148
824120
753192
542976
411776
306559
472706
675281
872883
413089
476271
374944
394722
713512
789803
705024
590535
270059
545144
429508
34626
929793
439362
35234
821914
5392
758809
598408
995182
797323
4342
439988
794198
459983
885529
110591
290621
382559
275398
932975
921797
861588
348673
402026
725716
635630
68024
511473
585660
234290
494897
775177
727759
390784
923532
306807
840986
893640
512652
184021
706131
873578
188628
862514
631095
908279
930222
384430
885386
656576
986614
412668
209617
384295
613794
682885
781905
349990
915726
439599
610196
58790
925000
625713
303172
796693
367774
415888
851434
421403
829025
426274
762656
635001
241693
994828
685446
791368
620187
541296
190289
567119
196259
858082
863102
148896
608381
450521
677439
577666
440383
741645
322864
548376
551325
874678
227858
79328
400942
874481
392919
210210
169759
508957
774324
392952
464776
548330
324436
274904
228963
637138
779833
138714
681465
667183
784005
178574
8136
413678
100687
459576
398749
914626
543182
56817
980819
864439
