871317
213059
934775
817825
475972
94909
508461
883680
357201
339338
191180
563518
560185
772457
503896
54300
804755
648363
393361
617687
655422
565595
557697
160005
132922
692471
485260
162058
616704
440063
319778
137056
121976
231389
123035
881590
350770
852746
671870
16255
118001
463748
49174
360181
548082
473318
572362
425874
802953
761211
764867
591543
171026
559645
516198
631511
338010
290687
988331
292546
785043
46505
112242
344523
505257
931816
117071
526032
137101
794581
368134
752894
879546
270892
696851
932558
423678
702468
616059
253723
736129
70724
74750
520096
863693
697562
217168
574042
325278
163841
276614
451873
765426
280831
227897
266704
779781
603138
788097
270054
767113
116992
373136
830497
354960
855251
339953
951894
117670
821089
798996
32211
380360
520447
897524
631765
860257
187752
893583
562472
870376
156615
656099
914177
517635
399468
336947
161906
574412
193036
32505
460313
498858
986735
731252
988381
530226
690306
489333
84357
86771
240162
322751
312418
978466
81739
968355
365769
638884
969793
957301
49442
984046
702113
766309
783176
643718
752889
273168
586991
542901
205384
312691
933341
686148
423983
704419
910307
625408
186828
394071
411311
245381
815835
266229
486353
148246
18003
359813
304235
325579
482335
453248
617453
820584
950940
793559
764278
884489
261870
761876
443
548931
722057
661402
142831
647283
563908
823605
763424
151124
519782
351454
781535
597775
61121
461392
461605
653758
204869
635152
291672
186496
809265
909385
681081
550469
506693
995439
659205
950384
331794
394805
555732
733974
669851
201533
714379
228674
695199
505815
680006
588736
384390
581972
531071
759551
459779
794792
925463
364540
791011
601778
861042
699832
405153
272807
983075
9498
580683
608525
948186
830373
259005
337187
790479
886180
2818
479347
434149
901503
556166
986988
224140
963943
962723
775889
442407
417737
148668
564110
491263
254715
196336
354372
193325
979738
778930
800173
778681
860904
965522
537792
960916
695052
676871
65591
962124
318951
17672
973617
498368
123046
760309
184021
680591
119408
158236
70954
925215
800138
22199
298712
816974
645390
642032
51575
340711
83887
742478
862745
643460
263584
660763
367836
986820
148068
147491
91681
608722
591403
443597
220893
624785
820458
24243
269860
793646
159265
641414
227090
517127
364316
201715
29708
505733
816498
253497
268857
650419
658417
522761
403716
127413
16418
969724
859215
482987
647647
759720
770526
970541
229387
100823
539725
187029
190311
419558
530257
449395
2142
372702
464351
753239
927713
909687
699510
253587
403794
959302
593874
589354
641191
535394
516225
139799
916444
664374
556319
856345
636604
644326
538139
449802
254951
126126
767061
871288
890766
363531
853878
136919
326236
528061
13858
671250
452028
686998
785041
818124
634536
426780
370464
782985
538359
653710
504304
255206
967630
211091
8510
460303
984482
78325
322034
293285
750884
473472
139912
828661
923186
185882
181264
961523
774197
480288
684745
791773
78959
751079
373825
699247
173568
363861
831423
816085
454458
712991
104285
638336
946778
238193
790204
960489
579594
434970
962967
487751
774859
196292
938835
394496
641021
629925
50161
981962
698583
670739
64683
345065
958436
644664
634966
135900
278714
651751
970020
603121
317320
372821
635337
767153
365682
599896
83869
201951
766777
510372
713916
205236
212967
62295
316771
773912
883556
823746
157920
825431
947106
289613
464900
844660
555894
52048
458379
594087
572767
685090
289104
739641
411200
178473
249589
117075
786204
460472
115605
767600
277801
291922
750531
856779
741542
375627
281227
157778
393209
650903
848178
211950
581182
828338
88429
951348
321488
352622
377445
378098
753309
988223
290534
7197
422413
727034
964374
273556
465518
916203
706609
17420
796669
947590
637908
462747
668780
470174
254686
999082
833770
672130
624793
480305
54549
350749
118600
95984
553564
696024
435679
409677
266384
168977
342524
415837
344955
459942
737411
636628
394517
52997
611216
685283
951734
866633
87914
714758
116251
977583
134628
36535
647054
515049
121874
268256
826335
262605
459826
198508
796985
749640
951477
73808
278477
962714
937515
176900
352350
825928
96870
32198
843250
120988
772
521965
725553
625780
705877
146486
843685
240743
659673
233976
790962
621892
978898
738362
325790
294047
303359
214079
329418
711801
802824
632262
399113
861032
599740
159777
412639
706928
645125
578122
654541
932586
341509
39476
365077
56784
882866
149303
857740
79802
155058
604750
361383
475298
952245
788130
596382
533834
916859
528531
915035
894892
268458
451275
25271
878502
245077
486179
225808
17559
661039
241436
616560
587025
693797
701921
472156
444852
558597
229245
379545
439204
140771
872980
685057
494679
217469
693876
804770
995001
467968
234734
522351
675417
574107
74043
55594
348228
938004
344090
818982
860263
938617
811747
728836
129826
308838
135883
13724
517294
592080
216775
130795
455771
422289
793475
734351
47291
394318
761029
694967
972311
707601
310638
128541
366638
506526
499145
293883
395891
364452
475969
751825
255873
54294
914302
739239
267345
405424
923215
603551
380104
158357
398162
973423
683731
304078
952998
336111
752674
595091
406993
353536
820095
398092
652976
422652
956572
106311
73263
492310
715883
685961
303037
96924
955943
578721
329030
769291
858166
593353
604014
814505
490847
519761
285717
935289
206335
516159
596176
706456
845521
343567
167935
835549
502891
614333
533662
984832
737895
201793
265358
562289
365860
480903
693788
500284
353352
628802
562681
679339
696021
109276
323030
845626
244638
19360
674118
950684
730726
594837
727096
131711
875312
98239
990695
6505
215139
427521
744864
650618
196709
315559
117893
516772
429651
760311
206873
262368
19733
116966
488741
912855
175207
853382
782722
956957
195421
253987
256219
445309
59371
598551
593129
939804
614695
723419
368811
173794
607529
195990
562152
552976
444316
670833
589871
307019
627768
251084
261294
745321
300133
905902
378812
244018
971907
856605
386262
274773
6050
187273
217631
721790
531294
805895
808636
131635
996502
988973
171699
553012
563231
312257
461600
643861
106217
145160
467955
193710
449140
152458
920923
45439
96027
930073
517445
892973
631129
856298
295956
71532
571018
906642
223055
957045
874688
917849
545258
339331
172065
419697
790950
912556
359845
931759
355233
643155
804464
899496
879586
354128
164794
935190
77366
636078
6084
171644
137689
840504
687618
9776
964806
598901
825690
5498
599889
505940
62942
920574
267483
13378
865114
946143
548889
819137
419395
172247
829237
927797
990882
726323
643621
850100
250182
806441
219131
834528
863518
26384
13592
493448
220226
985712
467146
225936
478719
466597
921309
689365
200470
614967
77210
914625
439880
808674
310592
71598
135868
658498
848646
737657
991938
102914
166528
695915
313336
893952
505771
612132
673108
806763
899761
248778
235032
988502
424865
797060
279462
769399
654
176797
886933
947618
460177
164325
517793
400760
847276
178299
342011
849939
890538
391002
881915
521023
639242
510104
275392
532763
382252
616844
889573
717275
240743
939177
902562
989370
201898
195137
500794
591217
290277
381309
582015
571782
299213
611631
995431
274148
911893
340020
716030
81704
712942
695166
261978
533071
890106
593235
64662
305441
418978
373533
279418
70521
985835
87625
678005
742054
23087
404273
145124
400797
939436
391005
386637
788232
536409
309736
448563
76924
561394
355111
798503
172600
475053
85515
316804
895504
251862
444021
417391
742198
979221
14947
358745
254900
70151
722509
700715
486742
243356
873058
254200
126620
385436
985051
387937
441436
988814
488482
644127
881200
509710
268021
781640
298341
338145
725073
738462
472656
672578
583023
221973
585729
32236
713565
294329
880576
770655
380784
582200
86161
153505
256940
479747
330472
737142
749943
704685
745166
897680
223533
300935
169058
66731
917229
503809
174520
541774
478661
730855
410768
495636
275284
453744
359461
558026
659280
742336
673965
780625
36963
273747
611661
2404
196723
812147
803691
412986
296274
782537
376282
891760
414784
516053
28307
324181
363717
93046
322682
208529
841908
155727
675493
945039
166714
907847
488617
32401
313206
710308
405053
396906
532920
571321
31968
581091
468918
75328
692973
462252
82346
265042
48238
163264
589618
754510
139040
877816
341004
715557
233105
697735
539699
397160
571142
58841
187249
332589
659193
816111
45273
595581
88895
365645
623693
290588
68054
845280
967999
707954
216786
990189
659038
361350
512610
396357
588055
752405
58469
981716
682342
759670
910207
425787
496013
137172
615438
93223
917870
968439
37915
89225
906216
418053
453568
20185
116949
819011
581194
827621
621465
876576
661726
99938
541015
957479
463490
966665
837852
335009
64139
413606
569760
145878
378510
190190
313539
370147
100200
637469
228883
39218
353720
395528
133361
286208
769904
432660
21304
420954
226277
748606
981100
215565
833909
592267
615240
516421
354211
251498
832417
264049
643273
981248
252639
416350
310848
943403
162080
414588
786625
718536
257784
539109
122664
419271
394688
535982
682742
791061
536103
895593
577465
659941
76879
922999
858889
991
719703
228247
602826
316755
767729
868431
931574
238232
283087
18893
33761
661641
585158
597323
702980
53172
721432
115909
75089
750761
614971
947140
760408
986474
633296
615252
145452
708329
167909
503703
414102
716715
655378
906919
29727
987464
394598
458818
317036
969854
319017
466505
736019
600640
422877
931337
418062
574532
839866
495205
308971
575224
260043
312121
115590
992741
760737
424556
846889
580937
916124
208525
422597
232467
406916
780606
247484
38817
833306
620419
830323
384163
214032
715809
821883
914924
702440
468820
979754
416402
349571
415087
856486
507596
667492
253881
94618
495395
623283
573506
474839
588538
940781
716936
546552
568458
147818
856004
16837
577398
9404
166656
909847
730418
220324
762285
24227
391041
555609
233293
47158
516563
519617
172917
90911
336791
247804
390830
528308
450456
20576
340467
532463
23914
113685
472170
665085
242957
470648
51277
377439
986253
767250
46994
281842
172689
936556
108835
187150
828013
798125
550862
196699
226960
515167
829087
343697
818697
829321
436024
700028
653944
212049
125902
51135
101374
563402
256940
202873
349225
887935
441470
686260
977985
784618
589973
297557
86668
803910
382116
941282
735180
941781
678105
410162
758235
799126
731862
41521
542178
536389
978232
401992
63109
619957
196923
697383
409286
652367
359981
270443
522727
338896
985044
742647
600550
620741
63155
55365
852478
513888
763254
624446
894476
325150
375544
534575
303581
959200
764592
194817
995679
167601
194604
741432
19640
577919
241448
631431
126772
192989
784766
760980
407748
187397
875561
442849
297727
315866
100636
281541
871829
133067
94338
496419
846763
368410
45961
305597
754408
444164
945203
646265
559747
947584
28057
374985
885010
218437
853721
21525
987182
788801
687577
820925
355401
920303
529597
901875
597042
688166
546010
696476
739585
652932
521147
325562
64099
968751
284103
491680
348771
319589
654270
589694
877613
934865
68410
944456
574590
260949
331855
64544
772281
443918
432908
905885
665590
473616
155305
706946
892864
265900
277043
251439
50625
926660
551347
301008
932618
727616
443435
547952
413693
124472
616102
942807
295778
131639
345162
463555
894908
523620
357301
337862
53363
104929
281353
915272
506774
256068
942107
32727
417496
22527
594308
707001
509568
135626
743818
455412
579
99883
570251
397203
261036
341342
565486
321650
732664
389574
195205
939690
504575
420549
731496
386439
960899
414521
670473
369389
274639
606684
532956
642784
477232
920500
700546
39618
791312
843761
804624
859019
940628
997461
48050
703344
553550
10984
159390
884061
457692
138484
916174
538502
305274
667033
786477
87147
254738
396578
843652
477487
266026
846862
686948
412709
546118
660065
642639
305364
780102
795027
816393
898668
247662
333270
311826
501917
764956
118818
148812
915098
948404
409054
596961
170206
448429
289464
246389
849292
771264
762793
255585
813722
108618
685156
662577
246071
290884
945172
24840
978277
577026
543235
697229
376634
805233
349
298486
6102
115161
557667
260060
5532
148303
769860
56492
601443
622788
870584
996910
253987
64966
795989
228456
946929
620727
288123
139887
735952
500836
113333
856556
252153
779015
100654
777926
69559
388967
796339
770939
324161
746847
734512
616397
139206
718256
993177
836219
779012
259301
435716
146914
663680
337739
245917
150076
36154
991148
183577
488978
918784
842280
501886
412610
769905
8823
1654
613503
674822
572209
624716
558802
400487
396163
512135
652521
334837
4072
41732
563660
711909
341031
665323
170347
898535
381518
758088
214949
614241
366538
403943
733791
427370
94033
49390
172237
629952
425354
406262
385549
611602
827300
981831
608343
736153
334035
911619
175144
359563
816381
887491
687260
112423
799675
573616
971101
998446
345368
418520
422083
717458
565593
602936
697310
160603
650551
662849
359088
746064
256879
394202
660891
993025
884260
914555
731826
774724
485822
831627
38294
616008
984789
204638
565865
997230
391011
288056
14109
230892
671658
24344
594807
518858
398590
887159
861857
214060
978821
74432
864483
354874
303284
552500
405955
631767
594128
136062
191553
890978
886107
765215
305009
986218
336687
372112
698623
799384
672568
54546
477336
814514
534107
195259
759762
404533
145392
426920
918851
430233
145742
434048
126507
40243
196336
330132
409194
277149
31576
803403
111555
982091
607500
774355
301472
593794
638674
22700
626639
581247
743112
402199
538758
178534
309130
320912
90794
124537
462535
693743
890430
189471
883358
394310
983843
588277
903133
118066
527365
239979
518030
104116
323985
91419
794843
926573
915091
620467
676379
817535
884058
896117
595800
477093
724212
611637
819132
79063
620068
929390
32649
988211
310519
668285
497387
605092
538842
222252
975045
762174
713757
926162
410193
447576
611918
261026
451782
252248
413469
407213
269559
693996
75619
107409
941850
620955
74395
892076
949961
748817
528592
10440
859891
819378
135242
83208
853387
662086
980003
860571
917084
664173
163552
591473
621531
878245
88073
121884
723498
576759
461542
383332
268587
73366
220035
131626
910385
840546
88600
752142
277195
142959
642812
514208
113037
67028
142088
832588
399543
807184
515873
301871
727136
533060
191643
983552
299992
514112
886222
739101
279035
558264
952068
879562
370347
877292
919501
371703
729709
402290
449888
464961
744517
917796
465092
409962
43705
260034
63368
332421
829030
926082
228421
373452
401197
253388
283161
104503
93157
778431
469057
822941
889752
798744
413835
856969
332279
288008
986470
349757
128158
268874
209231
304055
791592
23436
209870
955752
961376
615499
323186
667603
139704
80269
554147
969748
759911
732395
442921
558381
188339
331973
210602
539477
79626
243669
764820
876903
806380
315217
148896
657358
26701
608408
425886
508774
541300
597423
206151
264085
757962
650761
750471
932509
710568
440156
167505
266002
513281
669975
60266
12675
776855
581521
73514
895178
103314
523138
123154
325069
574112
848630
995682
235444
924895
359191
575093
205945
135477
657810
754702
353255
123941
979061
67204
657004
206492
167674
536274
966763
258647
124119
69351
739047
133243
783145
627404
506106
23975
412509
803666
242901
418246
642286
372779
749525
659155
256350
279422
331932
356862
592905
189667
81336
428918
23227
315808
843781
68393
82565
490717
314985
140228
492544
866598
17129
632661
32206
776349
917878
195002
500590
924883
100326
231857
344972
81576
398057
54928
343725
18897
959808
91959
984800
657089
982164
305981
461636
266849
76140
814702
322953
955880
729225
449722
746211
625286
385019
774930
819672
728875
49537
582939
498185
646036
693817
289570
231690
455507
876038
692977
344355
198126
616848
652278
835334
176185
489
90949
688748
256509
227700
590599
711338
694978
127845
621981
152924
528222
568587
103170
788437
606548
704089
531541
880687
232913
407736
362361
721309
95160
908902
117837
140915
31476
131969
20306
68980
67250
218220
487200
88472
250651
220227
318729
742636
569756
518069
304040
635818
910847
985855
353190
484467
108129
48543
859633
468854
164586
811275
311908
981846
393188
939499
767513
954458
323679
514813
223492
949413
376145
265804
368954
73309
830837
706255
496092
843090
123870
288122
944394
376500
492413
977311
949325
842788
308315
451336
35786
482617
732210
429612
427433
167988
235734
634661
139265
353437
87511
488151
565624
584356
397284
68837
253542
887741
123881
903384
34247
691236
43641
746071
644515
731013
100339
594154
494687
992504
808369
776532
242187
296686
697025
448900
11101
695161
588787
418240
369472
996669
130397
571571
737907
556848
245002
170552
295838
976639
940018
51953
167094
429356
757170
325604
756019
81766
427813
965137
244835
111462
638761
397065
89692
104195
279061
263424
832376
267240
483928
775193
204906
87146
933191
585360
742870
800943
141498
77855
3059
727229
637443
532052
65534
894751
889166
375005
747235
725506
775558
504464
575502
301830
195777
273378
301012
594351
330639
413496
398332
287704
578449
16388
677785
495515
499554
732712
846978
578371
285129
621868
513153
841518
68663
323582
449771
739776
777762
107643
68669
244985
432936
95416
253443
119180
632761
749151
856200
221
950869
473103
950242
487481
893107
89257
147968
143557
729062
316993
289446
197584
428609
91962
516184
824992
559325
340276
138865
760722
609687
332118
564166
292138
571712
666704
86040
525797
550322
572038
106365
202841
781582
645853
333724
872405
729466
355733
705171
782343
742142
955008
224012
399436
196503
918972
178238
856752
280936
44145
841713
577952
701866
152631
511081
623117
632631
117672
913405
5975
513480
359651
173697
906800
489886
875696
784485
540303
966589
647703
345419
580330
667035
31735
992513
24826
959553
161656
963236
234308
522253
466652
280738
540575
824231
423578
629327
23114
872664
795674
740395
216030
452974
381394
643023
950089
505937
956657
918761
824260
966016
717348
198302
685992
511729
174341
694835
799780
143996
824709
253822
888245
366308
490914
964855
127934
663010
601701
506473
588570
896999
623227
352867
802503
736395
507884
900040
876839
888335
890016
320870
613338
166194
603458
548153
454529
204849
561086
995630
308650
110270
935381
689790
359250
358114
448375
654025
162871
535007
793282
233855
172028
267482
69778
409387
642588
55512
854378
67875
119768
57380
723311
663769
845192
217278
294128
9547
812813
483990
720660
141002
576098
519940
106213
551842
524724
87385
372897
721476
524995
837685
674875
391752
240293
411828
198439
286942
337351
362641
40161
338187
484936
483741
636204
381284
736883
415465
976710
921689
664931
417385
114239
71144
984793
263967
918307
380725
471493
216258
20887
158884
507274
56767
662713
442583
632455
585909
1402
946453
550593
640086
495957
786905
405931
504905
185270
776332
583216
69765
733251
78236
842697
833906
435168
18442
397666
957869
615199
816449
940913
163568
772726
928014
148776
320799
710464
901336
693821
402164
938178
248116
25869
138861
291709
78763
633228
150810
533531
71480
617840
373565
160501
828123
429475
989928
521013
894749
148081
22320
541447
326835
600655
944861
245807
707665
607172
78114
537832
415135
373609
294957
167754
606230
700745
95058
144066
378346
471843
762189
331833
859247
799403
184463
923991
895489
90106
969318
566081
455224
73033
27794
895393
338678
51707
410606
26759
317230
888691
148599
622410
190092
111053
355071
689406
363846
902032
633002
858402
877892
565302
196924
995470
448410
309721
388667
900522
627439
55003
749016
253703
257417
632177
195355
518375
963648
886425
450882
928756
683798
716873
841281
731983
463415
208634
831621
186494
113957
232635
443066
791056
222394
502978
640474
43996
899528
943016
419600
987690
131757
991675
744679
79306
155687
783191
432114
139143
912886
723700
527397
64874
244871
774940
455504
971779
761209
354906
733340
192515
929036
706763
38486
104942
253250
16101
773313
694314
288345
499962
842910
305065
348322
25196
161866
207579
710336
697334
921118
162964
131095
646468
617737
831740
907767
767732
172988
796396
435140
45390
433286
549750
866332
68870
660190
397264
72268
499293
487268
655044
96929
367503
204952
446212
25716
426783
946632
817748
430963
606309
684956
942545
903845
975652
96753
266829
659751
272348
225056
942812
550415
53365
720236
522215
327380
703979
153362
179439
269634
300131
250257
683405
345443
283144
293428
254763
687952
692545
309592
10099
819492
384701
964334
653303
304369
228043
831345
917754
620810
813452
994005
203545
949635
899419
410860
655380
675325
624091
122907
171697
648649
164591
987226
649446
229427
69350
455212
763027
693814
906781
898037
633406
545390
873546
552482
44313
272720
507485
568000
488288
151068
406591
473942
443738
344722
307603
112366
507138
944390
378791
471255
405193
132026
922759
811937
420605
614379
259965
278344
666722
251731
766205
799933
258871
955209
429260
909985
219474
189642
35213
568968
37811
553618
675576
360601
3073
668426
116582
382894
740652
115722
204110
878825
73818
478258
336325
714194
642718
713985
29198
81834
973115
893551
547557
552466
492731
314433
534382
618136
470045
988363
817525
623271
144535
103967
535728
821690
83328
230458
626952
830055
943200
348470
426546
115103
100547
373448
56984
369747
964171
59081
284136
790862
683068
168565
36631
508565
328069
651144
778117
490752
515953
740425
636177
133052
509815
535480
658537
774969
443956
1723
937932
929583
796679
487383
436228
161990
112675
83565
152484
254015
552838
657947
617745
945346
160397
975826
478261
338352
675493
230466
531605
766873
486818
954047
944639
827997
796475
467566
904218
51961
724889
519278
349367
273651
589726
319698
819237
583110
170102
98699
654731
172608
555825
205656
885886
212893
415701
437240
263173
395270
204117
664438
119556
733498
489647
613224
938201
208031
244216
497632
702666
1673
513973
272863
449946
945712
947366
940949
713650
139123
440415
101750
587331
213627
719370
967795
469453
776806
293077
782241
547362
889427
411469
888063
75407
382127
61232
716729
518465
101452
903578
514146
161464
64021
151310
69030
742167
585826
61
997076
969779
509125
558325
355857
196484
642819
104455
138133
281855
876565
233225
248310
825703
995518
500854
847805
53261
760285
562667
148854
901516
302685
846819
135710
832195
955072
29569
313204
993551
333209
156368
825784
784783
25901
420804
60231
630867
962020
128638
146837
167004
456175
702880
838120
463542
621694
126831
436419
567806
61106
352801
595588
583020
647268
939975
115756
575415
376499
789693
973670
466362
369456
418177
425927
570594
474194
158476
542122
141721
704761
516894
324201
157131
774466
559778
884889
180169
847879
105455
557984
304350
425875
260030
303763
747021
964140
914990
606206
610951
572744
354685
527820
102923
346332
206144
199366
340134
472483
259739
210422
572250
655225
407073
955310
665622
632142
697985
679328
61196
783306
894545
602868
816683
508076
200585
786670
153977
187480
251149
799463
460022
23922
900097
419917
6253
418595
129952
304358
270379
362067
56704
107668
286668
52787
934323
809470
210019
776606
759082
121117
766165
247132
501923
361361
724711
864202
38577
508410
805573
154125
259771
862576
285536
123626
846373
858062
508222
395926
992065
308934
822459
532752
60822
162887
940893
781926
635658
672379
92975
570939
906557
563738
476672
540551
668252
300564
644212
559524
120733
559205
924449
734626
639580
804958
97271
294838
208450
131065
741876
843703
765136
565945
369458
409610
709261
199961
304964
160842
701725
709251
177261
539378
955135
166813
658034
705474
231118
542288
293508
839243
535633
337659
232643
67559
828535
59232
747479
177225
973100
534528
156451
581962
785916
444354
880260
210059
895422
452970
221174
883782
892216
831322
987670
921118
847453
539615
719863
950927
505786
116194
96385
171306
269732
548679
547372
494821
561742
597767
276801
686680
526653
964969
97636
12972
692335
398662
733772
250622
194486
58432
673522
977302
854878
335148
731803
106620
522813
691252
678999
329903
626808
674429
315800
47334
612840
932068
288581
572871
474103
129983
966800
89654
606521
966029
642334
997624
281853
84209
179068
440846
401332
34454
998819
586504
693062
541167
105321
503312
480905
596255
942431
34528
601741
864062
431184
489291
30037
935841
99350
688669
735447
547890
848413
806066
601142
530409
794113
770069
31043
464799
353377
882677
829281
738397
894712
87345
289810
184139
892548
244433
812857
431637
736193
148786
507331
749327
488183
424717
910390
114911
693642
606152
208319
482325
155452
740006
156262
657043
629938
900429
180381
808372
616490
529892
25031
212567
524348
972450
90404
297313
796847
324519
404041
672899
989215
59770
472713
125991
746975
470218
771143
553235
392667
672925
837570
100278
423892
845697
796459
543480
366753
559253
137326
412125
657998
562386
1486
396254
696517
851268
622855
217119
557832
410852
994100
987619
235109
728335
225757
310604
174876
263619
223636
481815
344002
993239
683989
89930
624975
7529
58137
17015
842138
703821
933394
466705
629762
287943
40536
580391
716103
186600
703307
600496
954367
974655
370744
766222
348489
360939
22684
151091
12348
105253
429304
143861
397932
979313
102403
979512
190014
177132
314181
664023
501259
853776
452420
53297
951933
256740
819889
980429
608910
49586
10430
751458
533079
327902
427468
657219
381086
929394
141494
926273
798954
533246
889368
494089
663414
309227
400309
309355
485764
24
977888
994665
506197
643414
821900
809611
240736
895367
241373
435520
756979
430182
904243
416491
26418
280012
66142
752114
200950
364026
693493
605087
8106
748766
693563
453614
342688
394980
494870
721350
301083
56011
167154
146117
75106
875175
924906
556288
541385
408897
930197
609987
976436
504054
18970
440569
818987
416500
794325
663969
29422
138954
440822
224734
290843
353104
511783
391790
489944
340613
716241
91709
753041
566565
660024
843182
903086
17573
446839
801160
473142
540517
593411
223426
159677
105810
249213
90252
810826
755228
811038
297583
230940
245442
167474
457128
828964
250032
388066
859198
614957
967893
661226
183256
646963
791653
405825
428029
489311
334347
940983
207999
368864
257539
13670
491151
194229
349857
218957
770650
721613
267776
519673
706035
726092
154624
411071
93083
130446
9027
963477
366139
422365
902711
552412
41316
374689
329552
268512
487440
70751
522679
598777
940535
647991
431765
134495
762050
229241
639837
663698
886421
865789
659030
488781
410327
730161
792245
350931
233088
28291
170209
48749
789562
355649
979715
991590
943746
669493
862399
432062
580483
646131
204566
857552
446165
23079
277983
254674
209593
784735
175314
364721
275948
16378
378335
194090
167609
7855
2373
124927
178402
774325
36142
183436
370435
861620
570327
523113
526575
324837
547914
345047
557348
660040
323254
915251
341975
345671
236680
224048
798906
851933
274586
654865
976386
547757
695727
843420
951987
980464
168964
913887
525511
314804
343289
795346
282936
219881
424301
673775
612440
692441
188828
138668
973221
843888
758314
177655
775552
900764
341750
568638
190319
785857
151867
654303
788528
103979
369702
695281
250301
922451
778146
134001
838463
930580
150195
402804
780182
486833
589597
87505
751333
842829
82501
75280
733381
913814
685077
818835
260264
317088
150738
697432
995491
529409
571937
288113
912377
258756
410163
261352
80680
67593
988624
624983
882820
914635
361339
498344
638973
661214
834490
211882
872373
668163
632612
269717
39486
826041
827143
549974
388575
994697
763892
695697
217620
534103
497923
594228
89957
424688
77794
920604
355254
270332
990259
548658
282053
970571
655205
683944
794769
580457
309728
658394
540178
567480
900715
628634
531179
30306
728370
55807
668810
825726
395894
297512
712195
298351
465268
8450
28108
594119
727944
29855
987248
452882
574812
435024
529480
599425
437982
9975
457059
439693
390932
49142
338564
102731
221976
698993
915369
324467
192396
186667
389811
592630
444432
742276
842781
287254
80768
47836
467321
538615
130491
337106
549700
68039
820250
466804
456532
228628
749630
437610
308136
214924
540584
632498
22758
106718
83232
36509
933553
834385
489741
996045
361170
903945
930738
524111
941373
692906
354151
712305
174553
309873
66501
763809
963519
767181
314992
480600
904194
439204
884495
366031
673461
365807
158204
385716
651194
517796
868377
397851
920402
112798
301054
156571
864838
270593
973289
712878
332510
204939
456730
72727
595994
108526
931916
943219
382349
600618
590852
863960
918503
724288
238302
82637
511832
249515
157351
47381
157974
104936
122479
439526
313542
698451
9335
514246
987512
6607
665709
823384
372883
125262
553805
160070
334397
749251
617461
228477
976906
819603
901120
765308
945214
35650
355430
521823
350818
857565
54420
430075
248460
881142
953099
78388
119512
790721
590681
977932
17314
182450
173765
350119
527901
672697
440902
221804
549885
50768
705877
185489
938619
280505
960322
902592
399963
36409
1352
703787
164605
730625
947455
548831
516706
256123
347015
104065
484601
895698
489454
906336
683995
562916
672656
726377
546203
701132
907652
667302
224828
113080
592721
85527
881095
536804
95176
798349
77488
333486
912274
393462
722638
400032
710382
140291
897013
415968
980310
12418
31576
432324
503340
586621
294910
522372
913574
654102
924711
872584
493852
282835
560678
890958
505225
143883
654137
18858
50212
596608
336539
875201
619934
972690
206356
463814
710878
359646
689264
831752
530352
264922
546452
411958
494881
166897
79368
442272
537649
732909
106024
810991
486653
950483
696116
101363
499392
458573
842715
750737
415339
947187
243142
223472
221359
252413
831432
107436
858690
377320
845716
828985
728315
287850
891521
886498
19702
828542
725824
567467
900190
957978
826399
268419
506782
116245
230730
166141
320590
704134
440593
472430
249587
748970
278696
379941
38187
814019
753308
408278
231336
643057
205557
602715
226331
474008
925561
398983
213254
67582
821571
782250
604703
515813
742334
863852
569172
698076
836236
628893
232955
130748
76943
468240
469008
538493
567853
671122
349502
506426
12676
324168
421988
427753
941191
320650
775256
817255
162558
899089
224411
443054
398940
308913
656398
291105
783978
36746
728191
901168
704255
604083
102941
183259
71437
198736
814192
347755
249189
891907
3284
495168
233239
775301
732899
199209
336437
465815
98055
929091
575912
836673
690421
594253
242493
135175
98784
637511
862652
710208
348090
635452
770696
360044
745889
917769
34896
520639
470101
140671
452992
157299
855558
657577
514782
768191
610668
281341
630034
417470
831644
603929
12761
890928
453366
99748
72727
749034
885269
381806
99604
898372
730708
168259
309923
304772
3772
82957
793234
360942
964310
90216
383568
9533
543256
367870
876083
480326
616252
154186
236021
827448
97529
305222
364483
64642
941804
730523
441600
853949
723224
519413
139475
351689
699774
516678
764575
907495
789229
440794
857249
212836
617815
258311
306698
597115
781514
494787
848057
980734
630449
23137
854078
103004
836859
330364
182085
809610
993871
387678
103975
35727
891561
510839
490182
906444
430212
976230
903954
503880
128537
833406
729714
893614
757285
574995
177113
518459
594844
830812
929446
481516
788093
201403
215390
768746
763604
977614
835749
674631
98673
351185
354001
25242
142899
573126
874574
567800
677784
581648
754740
383565
551075
34410
562940
453200
381757
749796
361327
253415
923058
151526
293879
219555
513816
227556
930683
416176
79816
534682
574327
937129
789822
239474
77865
592822
391561
7045
752804
400709
421539
93149
197759
317082
72374
740904
90603
487923
10449
151141
196199
987881
26971
969974
109805
154658
856762
108716
188589
22792
954603
597331
488507
707669
253465
874938
792204
28185
70307
962572
546309
704679
32799
822368
517613
270795
988271
124522
526809
823323
809282
513350
983220
48619
82743
252590
584922
88077
304065
269177
51351
732481
534698
625522
820779
649147
235923
410304
305109
216159
705729
162290
465230
791500
55997
214135
561435
78047
44605
436416
436426
913170
96561
807273
452121
60798
627784
387727
3323
705009
320167
811816
592974
81551
976929
323863
998375
689223
956911
395054
588954
163352
325587
658389
937429
447640
171058
94977
456546
703758
59191
420738
958194
255460
897532
811998
956662
779974
392792
440648
989019
864789
796988
555309
668416
778333
311623
12812
805549
631824
651192
571629
4582
464860
308150
487369
798210
654074
449760
523334
893285
299565
631211
951191
145000
245469
849686
425947
228767
704080
484096
115223
776522
616278
366984
546309
118152
50056
69427
854564
468487
801032
652482
87307
268834
499013
429709
289364
684028
283698
2420
450240
74050
473178
344522
466318
410905
318225
303886
62452
82419
844044
343564
801433
485835
824876
174528
945221
526249
648138
747791
602853
823029
286698
555546
505144
569840
622831
736072
40213
151660
622750
368212
253623
417360
20719
786060
436764
829742
68235
526535
359671
656744
687668
603407
898986
412267
62917
346145
190502
160014
407236
710846
947121
260709
343216
636876
35013
415738
917076
224863
942538
847825
463981
938695
476013
658112
936498
16366
209209
291448
743574
659917
874720
353998
269015
636538
919845
962404
823500
742083
452989
330169
888822
448776
123746
319708
18923
294556
213395
298537
351158
641840
79028
529116
563910
438921
109694
128266
314502
754657
47916
784079
609305
223177
825490
925220
895923
585124
94745
546687
941956
62282
501870
294457
711680
79486
472681
39268
361931
758935
11185
911300
529165
167699
170226
505165
712498
798410
27704
977463
326321
333728
883516
98364
212365
734657
644982
579848
250627
293251
72933
477651
288883
688639
511177
142631
283535
309699
310112
792479
489099
875274
826114
56515
264586
305652
450161
194959
149135
533426
45629
660869
246227
746226
735615
977923
582333
536041
2225
290300
811476
614893
580079
114733
500737
550302
462549
762981
239133
899915
246741
394556
821876
820784
186639
39688
728302
64336
408819
338649
234210
667245
250486
227481
401860
511530
383510
688346
75064
15886
565888
336501
656556
247009
72998
414667
507004
66729
267371
640520
386885
393596
729160
398993
741218
93
612118
747493
329040
920787
817000
618617
685358
720046
834494
270658
200484
885453
410107
714535
797246
795446
584025
331081
915650
626220
34336
715652
906893
928436
337477
865685
848027
772598
418744
923168
100778
23608
123222
268739
167818
82716
310062
444000
428672
861321
27531
705471
250803
379055
798042
206623
826752
690812
414598
911263
384612
735963
920273
922740
482371
488444
5648
400297
932706
912335
938522
369996
634179
416375
327890
419767
644883
119078
933677
874697
628992
587876
273758
15137
313841
616883
718343
556034
402844
181604
647079
569911
682454
34812
801632
883677
451079
957484
754081
393273
3686
488899
938948
83296
205646
976983
760437
237572
180725
189935
861114
236207
691505
853294
401713
563388
736712
875949
543728
710744
664370
283977
965793
254190
253146
499067
479289
523661
733511
794419
702640
563271
503416
146180
697069
268959
945575
646850
274155
713163
273075
121827
291151
640974
770139
459143
827968
213821
499280
237780
324031
941506
660969
96450
69473
154040
154310
925660
611245
166455
866195
768770
604655
958956
421389
663589
350039
655286
146268
272038
443741
911300
2746
209787
93847
223365
156831
687896
589176
389801
480579
844253
770414
73145
869165
462260
975463
115393
429624
302523
709380
971722
438032
26346
685006
451548
597262
226954
300097
830103
778876
224017
877070
96343
496829
409951
500131
312798
28790
721930
68069
785274
162925
420760
197385
902534
142368
905134
325934
392305
691344
825699
26319
655575
302311
769159
238280
151823
738548
888008
900829
422883
366647
298283
877663
899885
851448
454584
3042
211417
90406
434098
679176
118964
649092
950037
455184
562194
709210
373659
99430
528453
195087
187148
379250
528508
682293
138115
216213
487838
819030
146072
546506
68424
553969
742565
691124
120392
14009
97817
756122
764825
51726
891204
802578
621921
402244
503145
942641
777934
592487
347464
832826
360637
251194
541404
178523
406809
87416
524972
906570
287069
482999
526255
642115
653418
419859
749926
121053
347001
738797
783389
413681
782995
997063
51049
853376
456932
949390
561064
480502
947579
149874
171359
121154
20604
623365
386153
981240
117701
606973
97274
715856
779701
321248
401991
503146
681686
240402
976143
693962
562526
549954
41720
444403
375200
855931
397755
237643
744441
127698
377996
605242
444546
370579
772441
487050
45952
700905
287851
700912
144482
452124
522488
575496
203378
53476
786802
991866
154111
133520
873214
42792
152193
201865
141686
116252
955913
131531
38
505801
916587
133861
938957
845598
4627
286121
78592
375761
405835
555706
486703
853251
218031
405578
628585
589737
776116
385228
341467
687396
260523
351170
529195
98428
393086
701933
867496
279350
517677
415807
191069
542798
933144
161827
576482
949577
51036
621286
704877
277509
260782
775856
524347
447398
548316
180986
850195
773293
352767
518543
812960
326457
679791
502418
987649
218620
278806
850804
258380
227451
422028
849055
28342
180841
309142
155643
6221
667343
756658
671455
386818
868191
752846
230317
102169
889707
235650
701416
98831
606738
3284
322472
671662
794423
731068
656890
487042
123355
617242
906118
131496
982727
854980
101113
783224
362444
388328
501772
171966
531171
535097
190289
349858
146923
476360
128174
558807
218913
942452
620640
341670
481774
333282
723986
715107
443639
274703
26090
383851
424465
541485
788195
36071
865559
612969
451097
582885
923184
929007
358601
652372
724653
347052
787343
635010
732245
357935
24911
683262
109915
49398
293530
632120
178737
902628
325250
649767
326086
907833
848843
173230
874578
42192
531559
276179
424771
222428
864083
96937
760524
353783
375586
284982
667842
340724
365222
60215
937984
231109
195753
124272
713645
150802
107482
797321
783074
439548
519723
346912
178295
198526
571103
659808
386658
594716
419282
813238
354232
788577
868732
492351
119420
103064
189705
628239
390087
261596
446785
377664
496313
106132
37457
194829
609272
89655
874270
343709
549085
416302
753582
717127
414220
577496
121329
402388
616410
755167
982561
484947
696298
314553
881196
617603
322083
45550
30872
772742
535482
459266
796165
227788
60186
245012
290258
16102
468613
17626
81375
429148
950587
828193
710692
532605
431792
118385
283208
69117
119806
334117
136823
123560
739118
45300
486838
866756
124151
983613
132635
399606
526001
309158
998084
44589
360352
35658
33187
115855
608930
397627
208509
497859
983104
239530
246901
224832
483833
613359
353970
95402
886071
411006
813371
676561
908026
997102
63755
811659
980398
709143
667128
957946
933588
397149
309776
332413
324433
405606
938977
418826
486284
559147
188864
63248
950681
583947
286762
888031
32740
456899
382508
142407
159836
277916
626607
518863
416245
912753
873660
561526
409650
201313
136529
476259
684251
423481
3040
39316
717412
229687
431385
307946
556727
725576
692330
806612
958345
769191
244903
185286
701990
394361
416399
246804
54355
136570
672853
530855
114508
503570
906458
332500
579750
162831
13622
313524
102914
21448
299401
617065
506057
373237
717737
660290
714111
838901
114146
383574
115399
593156
39532
495236
297358
464513
52659
973630
603452
978543
414401
711365
701357
895114
997708
400426
350904
437227
401431
717135
577471
784564
810342
195576
970811
95804
395712
626770
136882
635778
713036
698941
431999
78132
998383
114447
610482
418164
672148
760567
14199
355812
340221
892453
316251
671
931328
951908
719790
470910
735318
662497
48982
97417
246086
367611
718499
671812
121818
436421
355514
968008
433727
375763
345251
884941
477193
528587
399286
815674
674582
322644
265896
407459
875353
38320
265784
514018
486638
6534
868629
916032
199920
651764
334598
541395
965093
465884
529919
963651
505944
432006
660650
967802
630129
923028
249839
892380
709383
217657
714677
975693
918134
29743
340060
908696
675813
692803
501061
377213
586505
648957
805555
157021
626048
906025
944040
284741
859873
608408
783188
312384
474152
664311
178963
503421
494986
263370
59553
447824
596574
666934
877862
563386
838469
340021
63903
886707
799072
623261
87162
534697
637182
581529
289438
901647
864611
700112
398286
243386
430906
613745
244017
388605
465560
628341
102128
582351
191132
436152
380134
161408
397046
576708
292492
847981
411344
338064
198366
791742
561492
476197
786185
262753
225455
491920
693166
772110
955964
911109
391725
750985
985612
373467
948041
64409
657077
365189
390083
785931
36782
712939
387711
779904
511313
433829
51537
21002
379093
738177
651721
419260
76500
807098
237218
113554
338533
489270
824443
715240
879700
58326
786691
589194
380151
56390
924384
226732
848979
713642
934756
526948
128676
62369
677831
69137
454060
439700
559672
763350
477466
671773
964961
651984
335942
920952
678253
575058
983188
458655
83678
959630
498615
620037
346385
770624
939530
740796
155380
922037
614622
811064
270013
831193
691684
640703
183070
81881
502664
639040
274118
437519
799403
469394
355330
987824
292254
846246
567467
267134
264561
393921
466042
106534
95047
228606
863039
252499
419037
84776
498414
9851
230266
278134
838920
795498
24085
317918
973449
600652
490300
937355
370460
104436
764338
130851
579156
498225
21200
560376
899523
552814
254391
881037
797325
231349
942078
26123
880399
498152
872671
981313
261098
200868
121132
540106
298709
298094
35380
761406
126243
575748
595838
81585
595344
601918
625986
399837
970846
655593
575296
151264
823835
803372
906621
48499
648417
292535
292071
839684
814198
292551
407887
156808
902509
940879
775533
893835
714244
816526
395097
838144
640365
8786
41831
434589
975874
38954
452638
224198
726722
598605
418619
348194
927683
250046
349053
442985
527937
871898
4459
23524
510044
383253
333706
455105
248346
500361
244088
474331
927421
333101
602373
827013
39131
347279
840479
274415
327889
664732
850671
850083
711032
466689
950638
451093
93124
955785
61102
82985
38749
913431
876467
833656
49931
71438
499875
124161
539686
991086
86958
106755
981373
512041
796783
278324
384398
767772
494767
703300
24208
364425
824780
43296
193009
662861
267749
722835
6632
39301
719907
510255
573696
747775
50713
425323
561088
520212
906659
957405
275758
879421
835109
231635
446990
796780
843733
160467
929667
131317
265906
841548
45155
765174
821059
858860
973244
422823
515547
406302
623951
635911
726477
289250
828843
532557
520769
456688
248440
636535
157751
779469
666221
758490
304818
761519
673861
140359
19764
237773
615929
167208
807331
648656
638521
496564
613975
161669
793048
719687
334097
36915
811961
69027
447812
11550
71326
749181
908274
245624
596508
641681
891690
679903
183959
756747
940951
460534
169895
523965
513207
326062
974450
884319
530812
52946
57455
215631
627475
907659
962023
264097
46011
687732
261777
159050
755762
115988
277292
680313
726242
514585
29648
722827
991952
740667
641398
583157
27613
634942
900999
745121
518533
526693
472031
735237
749027
714146
311719
777720
85115
487888
203449
498211
593619
229589
934206
635265
648905
580079
970570
222499
398714
183129
828666
18865
640141
753549
884939
216402
919791
999208
952423
992989
433970
657716
350980
994932
162644
158133
691524
89396
367729
209344
633983
225489
396683
360000
633707
637076
53648
14907
193132
132612
406968
13407
272144
313
863437
735101
346582
574016
278483
150638
172188
359622
654917
13167
891192
992222
237022
974449
741765
909088
655143
462811
538509
174330
935559
447493
229862
208408
481593
492684
559807
412024
903447
379251
106460
724184
178096
966363
302951
541404
223861
319288
325768
814375
7817
117314
776919
529222
675304
542127
173459
548980
593105
260787
834056
337481
341651
999373
586242
94312
520543
104673
450455
574658
256236
650369
122585
895252
108157
933517
470095
233229
62111
31006
540568
674419
368204
265479
369251
521841
286141
249461
655065
789705
351897
786283
962909
407011
682100
571251
511004
344876
388890
40287
541850
311281
946661
737711
488376
61503
997808
357139
287685
719674
864577
922064
65958
153559
665352
704588
601905
525993
613876
870596
418568
589077
203563
379829
29713
354964
483402
282857
747059
549630
669949
352754
61345
162537
380875
11000
498972
671735
76415
247334
930347
410204
3776
614357
500197
921114
297683
344407
97847
432243
392709
959059
582291
2515
162517
306199
418479
459689
89143
611432
122217
433683
898892
109357
491338
121741
807077
205818
85811
353084
547551
286472
146471
818540
297413
595999
132779
295832
580193
198115
559378
310981
262123
777555
824957
337448
918455
882625
905021
879322
118130
96204
319346
161985
322371
209387
638503
310711
533528
737952
1972
669772
389593
682678
782056
423968
29864
24145
658106
898189
497720
850211
925939
8118
699137
609472
653184
192983
845022
737311
85213
415
271972
553097
415890
798487
692491
799702
293205
182644
487962
525238
274348
39610
844380
575957
748633
351520
504695
230512
747947
398675
46697
760265
459567
445291
993767
1301
463569
441989
407763
107237
792946
38991
296757
37086
330259
209930
294072
777871
997587
427567
529576
394440
314462
445437
300824
835581
722974
597198
563179
185054
640739
535404
325599
851251
401020
804855
868925
143594
815431
472094
164050
945875
149932
195262
72026
8974
523262
791642
616378
146045
950857
767651
373781
743824
824782
626311
168996
62956
289624
993115
645938
503382
67141
930682
334906
644514
106880
174053
488300
626984
636819
709840
53095
2425
212650
648673
849093
475812
904366
953519
302019
504
98976
539193
417588
903556
475664
381000
403054
800155
640662
892321
417349
875847
270823
981294
161402
32895
92229
466080
837861
880188
172994
212429
808294
152098
537650
229531
962508
865974
761586
299420
900099
939582
578597
622481
707148
551940
884399
574668
379457
413005
495401
817044
771341
193812
219714
559628
57512
76195
824367
630960
103635
28406
903053
224163
526104
404257
632501
535368
266371
711163
748502
28870
574767
124336
83837
784311
342655
567743
731014
324292
724383
123993
403113
880232
309835
140232
896114
385056
598138
827215
406906
179567
374546
819792
268856
439816
844305
870284
817878
981930
458767
723089
380506
546891
752775
422244
570225
568240
442711
751474
75299
93702
85047
527546
363292
819431
268559
984199
283778
765061
597431
174686
837620
955161
583255
632001
644584
316542
672540
425951
911931
766704
366519
647969
788966
5243
872691
603463
440464
313984
93756
717874
952686
11168
183986
767172
218899
829154
684580
260077
571267
985757
92511
936244
531339
655393
86099
42747
850047
73553
788938
552148
247855
37141
749762
459986
448545
364360
78350
269514
433249
366451
162593
815116
281640
6605
438266
43026
23981
185782
815080
211825
43779
656701
673173
478674
789797
916482
646424
285177
333917
530304
80658
250171
726356
243864
798139
638086
708619
844688
776764
154978
926552
472655
269423
91652
132719
928171
987945
793481
4837
699928
248236
355851
764658
960031
267551
556180
822098
730767
341418
431750
938056
592630
863226
708508
104795
583486
345216
511953
169694
74912
887520
141864
477995
477878
949963
400775
944376
433897
39651
846519
398435
777482
835267
783426
739706
893697
981852
763053
480914
210030
989031
707143
747498
671162
924036
498981
936491
280623
739624
746701
785104
240646
151464
710246
209443
957562
377985
852450
56194
735672
703854
739949
14570
680511
101344
650331
268675
633785
828213
15002
683160
453137
355524
787669
56774
61852
680787
490709
380832
584170
78725
990951
665446
996342
10044
920104
525150
427089
599677
382530
612055
707990
642743
807853
841542
257546
76123
686946
852281
483358
707567
823969
193127
399404
197501
693701
340581
148702
445405
258074
51208
75097
598356
243972
333393
973540
865815
579522
725340
527977
782166
188255
269864
712794
555341
597076
501226
147074
431441
204866
294291
802824
744886
336622
465707
103652
788469
85721
518473
440426
813094
407231
624249
808618
738144
735961
396568
702527
631318
911450
913304
423411
387931
10212
27136
830379
547489
868480
628373
138368
143467
684310
107868
246560
62235
159034
280677
869733
751024
782305
894766
577055
71609
908050
303752
84580
855323
270738
702570
142500
840719
426498
266045
418997
110916
938360
128547
955610
767509
276160
786442
395909
986662
604140
146832
147995
695880
498182
408657
860044
689511
601384
770103
393256
836754
418469
302592
52008
158993
410665
468567
983981
292971
577724
502228
57731
369038
945726
101635
658561
194933
647602
478075
96036
113549
50403
2772
818923
633291
424996
454277
261919
894609
458037
130381
529306
375217
285588
384553
541200
403983
807914
359706
951550
114312
543031
602699
62111
471234
787360
327337
326719
545252
613965
661673
188251
250314
93104
345848
305752
41345
317673
706983
950679
491438
644984
689760
584791
150150
480917
265788
363668
321677
938117
862428
527127
157017
354715
87900
735622
325282
467521
627457
188393
620549
4980
460653
142138
901740
154988
664687
516225
844342
982400
857093
273961
835551
737761
487624
95209
665798
276029
590526
434921
374049
739844
29573
883188
926976
29351
303804
148937
704598
125624
406268
341000
753809
371620
629201
783097
294447
994404
798117
174913
404343
426509
703296
269046
251974
427310
961209
667221
272503
510456
32797
979138
747865
324736
186199
987103
636848
888449
539394
524988
796579
644834
789137
390741
681718
81469
484463
684468
838645
607673
731589
214172
46461
764856
256406
60608
108096
224049
531988
649689
455952
432190
254718
840608
722274
370973
957597
330647
290865
572479
208112
419582
270721
689839
536731
621589
834559
449799
327420
671502
847711
144527
124660
683210
905036
367794
181191
806173
98465
57130
122981
178323
329884
770777
757940
80619
813508
262909
256218
571708
704834
850453
820372
172033
75721
353907
77170
401121
12992
539822
747387
2894
861267
882508
201506
119902
285395
891461
546568
483203
625445
283292
318616
46515
541694
879303
698525
530663
663729
628964
75631
79995
465818
688582
283301
999610
379324
906144
368609
454398
256373
916080
72344
195231
414389
776951
374228
438558
686327
553215
94604
41400
166316
349308
523111
351583
869461
100569
652153
745274
90142
308924
702409
168981
111465
964019
16716
984077
42043
319445
211233
716008
594585
450491
260889
623003
885626
829171
713353
462728
702532
791210
983876
3821
841863
339223
321045
773950
994428
912829
263557
265014
659589
928707
869182
338737
128686
106545
228802
77061
925416
296284
931528
854002
880719
198595
411707
951794
995379
921862
782631
859673
423719
429158
550846
386634
134037
489999
937570
224985
508420
204903
116761
745710
471647
74355
480989
161879
264199
856065
563090
161486
81198
365905
706673
468492
155517
515751
380236
276204
906054
205096
413474
220125
94040
242721
829799
385384
568926
808982
69969
220463
432926
866161
89208
699193
522182
42112
168522
883736
295074
387913
503722
202231
621144
76489
650563
449164
178509
784989
850007
766208
983795
395148
710274
279103
336826
579270
858818
359068
55915
772048
608194
69001
996260
207676
187814
878192
154406
821872
237554
822646
496964
696578
78341
288625
572188
222862
499598
423428
79690
345476
619991
501031
776668
210439
85759
474293
197163
138959
717057
485416
188789
226705
862195
687595
668368
303177
229685
115738
653854
323899
393061
394821
127096
120064
559150
586972
571714
767012
276373
575321
672196
247966
934443
878496
915482
691818
97641
737105
506126
87296
768419
366741
42233
379512
193228
636621
418027
991895
118569
753324
227832
517652
914655
172755
463960
12950
681216
536006
243587
20153
981096
296449
110714
679624
501098
903360
532674
479392
57126
918348
545847
77736
810226
850930
70346
852385
300690
544456
413653
986882
348972
580388
957684
521922
46547
276227
749851
287271
462703
958389
630654
83246
668958
113685
677398
380395
746362
334596
299791
196151
19696
946007
374456
583843
330747
340787
330099
48530
143287
845091
117384
309937
466287
789289
96985
776163
499857
306253
572286
597894
391016
209137
995040
105238
860124
386480
837156
810598
432335
781013
185191
974126
503026
395981
904620
639536
690226
927689
325002
382171
81259
174249
3138
302904
864456
991163
364328
127015
697214
482435
277854
88534
958442
775919
523025
988583
461548
952981
111286
911318
312746
754793
476956
629841
10801
683257
462473
601344
212403
771907
825538
162950
876897
302170
707802
922805
717813
37867
228531
391092
661316
71372
342830
8801
588319
56615
250650
141088
437960
857788
265728
161118
307549
382368
383981
219335
97805
7943
754095
148670
638224
978287
434459
328892
598121
385602
446526
566458
888085
172657
394308
448018
283175
367637
182704
145158
445086
651620
491114
970824
360025
662660
175425
752073
105075
921947
19940
231054
504064
919946
536945
558822
119534
786138
49944
575846
425232
659209
982781
425968
546374
731768
243858
232074
668578
340390
572640
486460
92046
473865
377913
260895
252238
100736
918045
728411
606310
301621
680939
863113
527720
372014
279469
931317
694012
100942
148562
519321
358864
650283
957095
66453
470592
524507
790604
830331
611002
540370
735866
803665
682163
563535
73297
55063
737772
607881
369628
132958
995582
45548
536317
349810
413994
979453
186335
576324
364918
253831
384023
140475
593151
260583
429950
769830
74239
326628
752567
819906
103541
657669
336765
175409
244725
747216
103245
860585
214688
587883
180128
652881
383686
65627
743464
875487
372959
201818
206188
855547
325722
465959
178315
368361
197634
957474
487799
477685
401973
616703
45147
69719
169191
791504
211636
176779
10976
749800
790312
950073
980885
604783
13027
975591
856893
82285
401039
813376
220038
757573
527129
179293
648722
958423
796813
771627
664238
345237
110709
778639
441347
424898
145371
975542
150733
676230
919804
467391
369039
764247
627602
65230
450139
465634
500317
323560
386144
921548
845941
20464
83892
886745
676937
186214
7663
606821
754438
28867
889130
996986
835426
27553
786953
203806
979919
187279
787075
85116
588770
929470
78690
143230
3466
179380
332857
502628
536317
517564
70400
222677
479455
693740
377929
773844
696149
717607
293777
764421
842906
560736
668166
644101
593338
778003
347333
561958
148691
666841
88156
311035
149441
965808
339786
23565
722852
253847
241019
901440
300756
892584
335600
426254
676774
829524
2800
751850
950516
476453
649065
897510
227787
174933
560056
588100
523468
421025
601880
806799
512091
584051
173069
779056
61164
631206
794826
555478
870198
824772
470239
739413
205912
274779
439300
911643
48805
754839
510865
962929
124179
591511
196736
495505
189603
212813
353951
47381
12618
331611
257422
191846
104975
283643
708218
581762
934551
175792
451021
77379
254541
570836
254706
2580
147794
540679
552171
371383
201359
248954
661035
592574
672912
910128
767861
83379
545517
571289
915212
560902
984894
580189
866282
60322
71330
918300
508905
28636
62270
270061
560874
897121
888245
230376
875770
448321
922630
234252
620430
190005
613211
242299
634917
903923
489350
945516
465844
224381
820230
584030
561987
590948
453912
916294
309434
676285
596477
586416
431025
911550
470734
46817
342950
277606
514650
94906
467267
847839
366723
960828
404391
835194
245719
756595
173919
324992
662571
376545
45442
469950
583926
86205
853419
927938
915078
682774
409291
747080
116377
156176
498425
394101
849134
948537
191530
387429
528029
314264
636819
720832
666739
40277
769071
520792
2145
705912
54075
361633
114432
469813
621120
717983
600673
774798
280156
366524
769893
817140
776274
879051
702147
664210
275098
830596
167953
36744
422686
799171
725986
687067
594695
253461
662288
738573
295621
744850
583761
267682
121383
384331
728163
100917
545473
420824
554381
721434
611151
516487
161959
963486
754515
862933
9088
343724
765235
301705
895606
518234
38571
92600
861116
528112
641170
506738
947709
736521
774681
283257
241249
537967
717755
639805
613823
131309
15723
988507
130404
213934
809764
648620
770647
928567
556488
57419
168481
10264
767676
595294
750339
955989
555216
978851
181315
113091
609524
529553
201987
597366
137416
997130
92153
385787
933280
555439
940239
539115
383145
866504
272507
760966
147936
154439
48535
294652
699146
760970
916487
158037
102799
153396
407427
500511
479441
781119
18952
570259
227081
594090
655268
348648
88136
20005
922888
688946
695967
970932
876568
484425
233856
485281
32756
758258
290585
212451
856915
50827
522376
153387
496227
327870
23803
29782
144114
478409
449071
586729
498822
855202
298110
617375
870032
871528
472431
969865
959374
560241
173495
154555
973893
175382
246946
941331
274624
328904
444334
753162
594564
261101
296520
66553
163766
528143
377707
446480
644796
961268
956882
311496
452585
133741
847733
878147
297927
431575
681349
33329
827647
647162
156974
221951
80691
700651
479151
958819
235773
281884
83652
977780
843702
761245
782260
825839
14989
296900
484736
951760
665956
81603
556437
270771
317855
426998
481513
333775
567819
509438
861322
817088
822533
673033
837932
378099
228691
977365
673909
279955
260390
988736
792388
662969
177846
616716
402793
744303
347608
572753
195258
560310
965354
975044
202147
871606
721653
949229
985306
966234
801940
581918
946082
607492
925176
310067
985574
533217
911793
398096
228308
933411
641564
573349
490002
933780
316716
663961
535140
970114
527252
65442
419931
659228
772908
960855
231444
181222
503835
928321
62033
963623
321810
372305
351754
232499
414490
66077
721781
756942
693201
509849
424982
59953
859418
293619
488216
443437
509997
600316
509718
867969
368265
129328
647740
687923
873808
877778
890648
189243
483205
362390
679447
478221
841934
75796
29964
847956
619031
95470
71882
269832
490090
240408
125598
877939
441699
934484
66818
650968
589906
912577
361578
271005
469081
407760
136865
416561
692866
7042
448270
325449
47348
968705
31567
725901
662604
701554
923414
584818
88091
616461
490165
913598
331811
531044
118051
525550
766215
170196
29149
545834
296474
628648
622962
783004
794648
79902
880494
699066
366864
202607
84718
7345
562368
632591
96531
518388
701972
516956
296537
788482
376705
263048
154705
807549
204831
513564
973967
809540
573841
649409
312442
143042
359213
832853
405069
105091
204020
590942
758654
736181
694712
888301
673519
540612
686498
691674
786739
511191
459265
837960
765521
60835
154044
604934
486238
213305
151517
426499
201752
821290
655555
897224
61051
435788
645191
351312
504679
653590
103845
107095
518372
278994
190740
639509
168320
212415
940709
226485
769546
192070
973023
847889
491819
228303
588558
189319
114697
829236
680769
85804
551557
546355
394904
710541
188071
701014
113546
379658
130385
269704
110909
861241
715492
627668
326517
542028
287533
59689
739409
940206
651822
850669
637241
694379
951513
902864
928369
992798
932076
971547
82515
424225
364024
831518
957245
50964
457477
960002
697267
458432
634653
975605
453753
482646
584360
800511
603328
37953
476869
883016
954391
315506
298082
894736
393891
294542
535371
487096
798767
760876
138428
998689
790539
977811
853499
775265
246598
700523
176312
150375
680398
229698
707769
740321
260720
768023
320306
429251
371099
262807
29435
678102
643035
865074
542771
204929
662369
236383
342091
944693
599293
932016
867299
846447
570111
278153
695271
630249
369874
682221
232355
167548
424309
89438
177086
384419
578058
511078
53320
614500
296820
819399
432931
382
900947
754026
30365
541020
229463
734186
21817
623195
186365
653782
536791
569986
928960
221010
633000
774044
120386
315642
288316
997232
355513
695135
737205
438573
205028
166697
848816
329091
358003
870905
537145
476220
359655
954750
154473
278131
762836
127573
967271
214546
406387
7070
542969
108340
623141
867714
713392
690596
433085
569704
573163
210688
231604
301943
871100
224783
505206
937554
506221
301018
651847
406722
951598
795194
111915
820040
147894
174585
57825
550224
420722
814349
236913
873289
881145
399568
157014
861371
384797
220894
202072
10255
342078
916952
38167
294393
478157
652273
680596
571715
928853
413191
969119
473299
65606
100212
5850
839731
177867
38238
65545
234638
667212
390460
688421
618008
70206
357828
968774
648070
853055
976648
980021
929797
259648
251177
61903
58234
942691
90624
377502
250913
264618
432499
23714
880997
977079
825965
109636
138054
93209
352033
467802
880274
258638
94402
242786
193639
209123
549190
374115
487889
681960
36387
31633
200241
209330
469302
54179
788324
237483
952447
368748
488482
445223
35962
613969
513995
120104
949290
489439
592069
905753
324941
976053
989197
16328
96437
455645
181800
507622
330548
579640
524808
10650
341899
368332
678284
536271
794995
324628
835431
303253
147611
600681
877703
269537
284875
695395
134446
782269
991711
159395
456925
933881
472778
595287
475825
409003
245758
957908
243433
825757
753699
818851
255764
329698
121348
537728
865532
475984
588118
989709
794271
590031
834203
718093
571053
912737
599771
962586
637540
945361
663534
897187
449385
341822
299795
437895
416355
113283
125656
126410
95227
308807
645983
750974
152256
675988
729077
613880
85887
966832
179660
326374
870643
258508
652867
504683
867522
2042
240836
329199
172795
312784
960337
139233
587265
151036
349277
513650
265823
337737
281010
8779
142598
982818
70181
931275
843444
628020
750132
247631
421862
190481
246762
290978
577380
589570
326844
575843
412927
89552
399067
548774
170151
478030
465991
359688
879970
356095
479450
421137
501640
106727
456371
289420
161329
207206
60262
15491
921065
412979
299618
337307
383492
195664
556076
483524
578513
433820
686372
747722
436781
170217
438210
69735
292031
600467
266757
709158
314227
7992
382361
303704
992082
241444
150453
95183
352613
468943
476400
442558
42018
830753
872363
615885
164818
664274
253180
167283
430952
177369
488430
268879
185138
40005
557811
657446
814639
36610
999935
23414
174336
964249
739940
438528
950234
297232
627758
157769
143540
259292
19884
970000
528216
30516
367208
726701
431387
460475
237932
411313
475928
979577
550333
56653
963863
445199
329129
113987
113127
511468
820714
555320
900062
806846
124957
785479
776174
36860
66466
528583
839073
119770
199680
84301
350965
567207
500919
945381
586932
133701
683389
878720
78087
206445
904680
724149
337963
834371
336749
210048
17823
277844
645834
731303
289865
559483
990527
371607
208841
40451
769870
180223
228208
914966
728355
348557
439984
888991
839107
720137
465984
55610
39179
372107
417172
605352
577768
5923
457995
154303
865437
479130
220609
239125
277950
524098
120174
297093
406034
420882
776792
969700
95375
172513
746159
163511
498798
260006
908040
584884
556233
509672
287110
630963
328065
736906
95720
386437
444803
101374
958843
819668
492063
888603
798145
510024
608855
185962
707316
9717
737674
972107
180337
243511
74268
71173
71749
380529
416021
45749
736750
689541
334540
695239
610135
747649
348253
568913
745941
28152
46724
421813
324454
736660
792629
894909
316940
841800
160670
626774
560941
315037
804301
848947
700004
251338
189908
34692
319072
803145
644129
510474
403740
327523
104541
820356
456376
391600
679211
80503
360240
246182
847823
772236
871611
894407
229692
609207
311859
351901
41995
19458
890130
974899
258475
529847
638451
498933
447954
404006
981769
96797
914184
925806
777321
581923
285539
324837
708354
738510
626340
37548
442813
392202
336451
408488
147015
611179
829503
161193
618240
324842
843460
742583
101764
970494
717847
533347
741027
135540
214680
309459
391754
305777
974030
334501
637525
148580
143988
922361
404837
85706
687181
817743
380856
169698
485914
760810
334964
895665
487420
828503
459931
648826
677791
648336
908243
255084
607414
246333
983922
726110
37547
184283
133375
974146
911804
858159
719635
153487
935643
271437
542587
494822
887679
342752
541052
262446
658324
22740
140398
257974
253249
659565
257966
288819
490775
241059
154599
673546
712390
157685
992140
273475
28133
244705
1758
496755
31698
559739
769625
746238
622246
21524
150125
791741
44636
293114
853297
21475
788535
576292
56621
792212
779549
813337
351310
884482
996035
593453
49674
107876
331197
938793
470862
693838
351543
343233
702919
386951
833076
50792
372744
174906
9580
342964
581400
538931
449666
206694
430623
68593
835127
840120
881782
911016
285084
792359
964678
934364
231429
475921
31113
204667
8757
130930
42078
501447
453375
225610
503092
977126
616
910606
577642
415853
431677
708742
340444
979061
932751
677388
477540
294515
858096
103437
640271
919761
409745
811086
486912
63879
187316
922959
388015
989789
724279
983929
606556
167722
286734
164970
278813
122117
609337
775403
308295
591005
909945
97328
623730
768333
727880
851965
537466
980755
244772
945168
742360
445430
125258
580179
106874
490652
46407
475667
788504
632642
378583
377869
120456
942652
374162
282942
262136
587505
925073
426277
182765
551132
167145
271898
567874
421728
810413
814087
707366
37175
560119
201721
99468
200467
672418
82607
875100
652314
498979
101793
723911
595074
487853
636883
264458
656505
922610
619945
789536
519718
825127
399306
388033
234259
296593
469346
869440
680137
362258
194167
951923
963391
778942
868981
107103
288660
184376
884526
478576
721920
698756
654217
682862
693401
860464
297945
375860
595147
422645
234884
289058
688513
202965
71157
4689
606764
230123
193214
980249
170164
676964
304927
705440
229073
816588
250037
300231
651621
677912
650199
77433
3138
764727
558335
318315
494693
754380
542106
622911
95905
462724
862387
382783
828963
166074
486060
196002
78148
706599
455185
687108
784284
522711
104118
43589
796246
446343
71536
690234
342832
847341
787899
268745
317954
718688
521867
81335
265539
639558
153690
468063
266942
126070
142945
949966
46362
752403
220436
68531
730236
802045
138626
984771
845990
481278
75757
867683
678972
449358
791218
29122
950052
504549
265752
559731
491132
510997
385482
995744
996379
927989
659530
34646
940248
458535
856424
469414
650563
116473
126523
286415
587220
280642
174210
709311
679733
8750
32170
64175
137168
826380
708234
701131
437190
306410
755802
650473
236377
390149
195983
744542
336498
640680
596386
723319
256934
720068
900299
296823
950950
746055
382470
800467
310079
808313
837638
834902
84361
577296
392042
872655
211725
971017
387930
369130
149379
816636
347986
122869
788474
286375
190868
940361
608075
461477
50530
908435
944265
864748
543869
121818
146424
751269
116025
683535
49129
640226
16438
319530
473085
325492
456596
629636
298436
821286
460384
482889
57442
638878
220938
47324
701388
613641
712566
817925
942371
812943
281163
843120
199103
667860
408270
293387
698241
170658
694249
244891
735312
977142
918656
621965
535885
660014
457614
779580
211465
763266
435452
3473
915145
712802
567208
91466
32770
635691
921992
26420
264743
88052
525639
685709
793578
407975
623066
276396
536309
763143
419794
133159
92546
60415
697965
579769
800132
440022
979094
427479
83836
547717
29939
24611
564801
363850
471141
783018
568339
803535
179867
505527
30458
397476
120515
133620
909284
205522
52144
221736
712808
244488
108290
399254
218180
583823
360895
224977
655718
167969
902173
505819
207919
245556
936755
785988
573740
252970
664589
106906
956695
748496
80464
293130
910439
652753
620249
591211
941556
711015
686262
480638
472987
500181
620168
23499
188487
47671
921174
928455
461311
960426
709861
873975
574686
501076
271348
690597
743826
718578
678519
299932
596145
774051
734864
702530
114363
103742
560594
463563
384488
632754
178060
394539
196068
314323
873512
417679
177441
669243
51400
682073
651774
129922
404800
189526
112696
453242
168782
106160
582320
87151
841363
558720
578016
952861
121503
692264
12792
211023
625199
247298
243215
827352
64139
505925
296015
851968
837137
118119
797089
604528
326647
947704
211912
973981
14344
583560
132827
616541
120839
947934
320728
237754
830318
637973
452379
130128
618729
760910
875382
727691
111299
477941
842247
855505
557714
553282
456225
576960
782550
195323
214593
246049
444784
730669
878132
12650
682749
666743
751175
836910
713085
219463
301840
777859
616694
217087
644511
896017
763030
334326
509387
342477
633202
350138
129102
773252
341850
649244
872984
49742
655984
384946
363974
676737
629913
779883
618575
848468
687539
227030
120958
826479
796602
461362
965779
120663
902262
754864
417073
857908
350442
955454
199373
446779
517045
566797
722587
246195
484325
146636
30430
373980
432494
502385
681890
356041
108931
678925
876927
462625
287195
250569
573796
317154
95771
465004
244492
228579
806508
344297
91075
161823
785130
514380
324956
922854
451301
604842
430476
976200
195217
460022
517742
537032
930855
446141
57271
172513
653376
615333
777772
683867
453858
626962
118312
728010
506127
929181
795797
120336
532982
970681
961703
521200
601802
429374
611001
190362
295661
547519
978860
992142
439237
597616
277902
458548
936847
501744
560238
25363
692722
481076
689160
884910
237957
271465
664226
773768
340476
8921
303678
706335
78274
652155
82179
259053
71301
732603
820626
365685
779442
133949
746292
801665
72549
709680
160985
381559
6137
47499
157089
16968
207925
656333
967132
973936
577685
236683
174301
463029
587585
883055
288818
182051
91284
291045
50552
137423
404653
297730
192518
945963
835314
82373
560599
758969
948527
951790
188799
237060
688442
901228
190645
788609
165731
690737
880543
474457
424804
355290
483601
202276
345481
877767
461745
579864
387110
657826
380128
250969
876866
1411
527543
338163
775136
452005
61285
50356
116096
399059
623554
398451
479431
88066
5653
544202
776901
40442
435688
942303
870740
725198
826283
367993
395651
878126
590168
364718
